0 0.0 0.0 0.0 0.0 0.0 0.0
1 0.2445719673669531 -0.07319123836245904 0.9668648278871393 0.0 0.0 0.0
2 -0.030912464369228815 -0.11510471104038024 0.006473455227497871 0.0 0.0 0.0
3 -0.27982815465465155 -0.12098228724017451 -0.9620338670100513 0.0 0.0 0.0
4 -0.1989278303964973 0.023515112639288294 0.02415862888666742 0.0 0.0 0.0
5 0.13872237935344528 0.5211381046340204 0.8231352829223345 0.0 0.0 0.0
6 -0.275078555319166 0.4787167530947143 1.732513760453913 0.0 0.0 0.0
7 -0.21358746016093838 0.28583432730395686 0.7532205382587854 0.0 0.0 0.0
8 -0.7999717205824945 -0.18786435350389824 0.09613374115298279 0.0 0.0 0.0
9 -0.08344854695088932 -0.25135237692903367 0.7908018723713808 0.0 0.0 0.0
10 0.3239129494173436 -1.0988094688060366 0.4504005082377949 0.0 0.0 0.0
11 0.5893673388067221 -1.4730459380265473 -0.43812694336923313 0.0 0.0 0.0
12 1.5755826008717133 -1.3239372262781433 -0.5098629102952521 0.0 0.0 0.0
13 0.5918688457361753 -1.4454133024992197 -0.37738343693024984 0.0 0.0 0.0
14 1.2251090978276085 -0.6778248228280295 -0.2783142237141838 0.0 0.0 0.0
15 1.391577477632353 -0.4469135295441495 0.6803140948531079 0.0 0.0 0.0
16 2.1827040273715337 -0.2554690453781467 1.2612338757008532 0.0 0.0 0.0
17 1.9537299910994335 -0.5061679524812372 0.32063781538028135 0.0 0.0 0.0
18 1.7723237341097573 -0.07830995148792774 1.2060921060757455 0.0 0.0 0.0
19 2.4611686180125174 0.2618737311508525 1.846223177019276 0.0 0.0 0.0
20 3.2619280533634436 0.7349178685898012 2.213665105398585 0.0 0.0 0.0
21 4.088413087921209 1.2879252216461694 2.31904705412623 0.0 0.0 0.0
22 4.943992422405928 1.792007657515396 2.436881260750745 0.0 0.0 0.0
23 4.837055772448966 1.3287442157312395 3.3166264149870606 0.0 0.0 0.0
24 4.532545819693734 1.831280854171285 2.507472155467662 0.0 0.0 0.0
25 3.7434915853647706 1.2213165208141583 2.434417878934876 0.0 0.0 0.0
26 3.3172312884552153 0.5253716692098013 1.856522626485121 0.0 0.0 0.0
27 3.2183258481729733 -0.4667946773293141 1.9328355000897994 0.0 0.0 0.0
28 2.4904407923250576 -1.151923852872657 1.9607882869379 0.0 0.0 0.0
29 1.6668011309801856 -1.6563927687445215 1.7016959845073423 0.0 0.0 0.0
30 2.3685972746468744 -0.9578585699008836 1.5619385311088139 0.0 0.0 0.0
31 2.846946519264335 -1.4584002303737305 0.8403846202296695 0.0 0.0 0.0
32 3.2799285280579262 -2.3559464925675 0.7570942409349372 0.0 0.0 0.0
0 0.0 0.0 0.0 0.0 0.0 0.0
0 0.0 0.0 0.0 0.0 0.0 0.0
0 0.0 0.0 0.0 0.0 0.0 0.0
0 0.0 0.0 0.0 0.0 0.0 0.0
1 0.03527119153291759 0.07292457480836871 0.9967135744218932 0.0 0.0 0.0
2 -0.05627747250394369 -0.17635157579261596 0.03261801751136528 0.0 0.0 0.0
3 0.2194354337742204 -0.11343494971337197 0.9917967763850446 0.0 0.0 0.0
4 -0.083381915288851 -0.5326475944122788 0.135898177466363 0.0 0.0 0.0
5 0.023522519962699287 -0.10483909268503105 1.0334232899693139 0.0 0.0 0.0
6 -0.28096525551935014 0.26681594512642826 0.15640577164293823 0.0 0.0 0.0
7 0.16728567315968024 -0.28089737666448866 -0.55005103671207 0.0 0.0 0.0
8 0.5971895736450668 -0.11094074941969156 -1.4367851463543146 0.0 0.0 0.0
9 0.9140670883333266 0.01829971683231324 -2.376405038953421 0.0 0.0 0.0
10 1.1068225202953066 -0.514376298645273 -3.2004812526521738 0.0 0.0 0.0
11 1.1496007361956733 -0.25644981572620157 -4.165698302674282 0.0 0.0 0.0
12 0.809714119875425 0.31956332029067497 -4.909126816508918 0.0 0.0 0.0
13 1.1096835500222086 0.22004609805868708 -3.9603830874352326 0.0 0.0 0.0
14 1.0694562452535097 0.33980047771893995 -2.9683948553965487 0.0 0.0 0.0
15 1.5017934722116837 -0.06041056604822814 -3.7764268118394293 0.0 0.0 0.0
16 1.7060417809550321 0.018759598334746774 -4.752139225128844 0.0 0.0 0.0
17 1.988601831071258 -0.4559465900849125 -5.585694173980085 0.0 0.0 0.0
18 2.5127777922483414 -0.803936776423569 -6.362960146434861 0.0 0.0 0.0
19 2.919211326182637 -0.9698847417541392 -7.261443899930896 0.0 0.0 0.0
20 3.423910239260075 -1.234368381946894 -8.083226968148319 0.0 0.0 0.0
21 3.7513386440952545 -1.4422631540784676 -9.004948402979608 0.0 0.0 0.0
22 3.115505656421786 -0.8893009859502586 -8.466479042286558 0.0 0.0 0.0
23 3.834795139886016 -0.22847378859509304 -8.25216606038047 0.0 0.0 0.0
24 4.241856811536064 -1.1376973501890133 -8.339420346899443 0.0 0.0 0.0
25 4.167093205053594 -2.1192641483848735 -8.515309584277011 0.0 0.0 0.0
26 3.8391730000204407 -3.062847458015444 -8.469278324054919 0.0 0.0 0.0
27 3.3889394034594145 -3.9523693426679904 -8.391557507976437 0.0 0.0 0.0
28 3.5077946821347377 -4.863481342403787 -7.996907857440102 0.0 0.0 0.0
29 3.3762920664943743 -3.9458469021442184 -8.371946650272594 0.0 0.0 0.0
30 3.7361013255569904 -3.098576291698431 -8.762676492705486 0.0 0.0 0.0
31 4.546744568606238 -3.3938998928609676 -9.26828652335657 0.0 0.0 0.0
32 5.247038017613594 -3.6316674413364725 -9.941380631315727 0.0 0.0 0.0
33 5.707854703933844 -3.311397793387363 -10.769073408988325 0.0 0.0 0.0
34 6.285881962272346 -3.105162551526699 -11.558599541318566 0.0 0.0 0.0
35 6.633277950029467 -2.6012439497428304 -12.349410562022278 0.0 0.0 0.0
36 7.452881652363731 -2.2100412211357936 -12.76799173246641 0.0 0.0 0.0
37 7.791042188209855 -1.2721401324972792 -12.845380361650218 0.0 0.0 0.0
38 7.440770547564185 -0.5836613762480155 -13.48044475204922 0.0 0.0 0.0
39 6.655380142772733 -1.1639437481456025 -13.695930902245538 0.0 0.0 0.0
40 6.149898403711459 -1.8280155230872837 -14.246836419735963 0.0 0.0 0.0
41 5.343908069911199 -2.2866710061820292 -14.621021841215306 0.0 0.0 0.0
42 4.561270256251964 -2.7233429888318224 -15.064638378552896 0.0 0.0 0.0
43 4.133030390963657 -2.6115559053719326 -14.167914192557348 0.0 0.0 0.0
44 3.4158777272921133 -3.239256939071353 -14.470706975300747 0.0 0.0 0.0
158 3.256863864130188 -2.31711509595956 -14.823366885844463 0.0 0.0 0.0
159 2.599791797739857 -2.611138802165743 -14.129244159117896 0.0 0.0 0.0
160 1.724430839854454 -2.430026209233146 -13.680979257423392 0.0 0.0 0.0
161 0.8663429317337996 -2.432687254852078 -13.167483336530793 0.0 0.0 0.0
162 1.6258569228707256 -2.900395529223618 -12.715391014818016 0.0 0.0 0.0
163 0.7795140653397004 -2.7508270392808343 -12.204183586935306 0.0 0.0 0.0
164 0.883976899747436 -3.7243854246845594 -12.40733768223636 0.0 0.0 0.0
165 1.8165677124640824 -3.405272452092417 -12.57598312913581 0.0 0.0 0.0
166 1.3749085673768553 -2.512053571822872 -12.49173806108526 0.0 0.0 0.0
167 0.7461685035064585 -1.74440720131149 -12.36762125350082 0.0 0.0 0.0
168 1.6919467116056046 -2.0666711149067236 -12.408235919313231 0.0 0.0 0.0
169 0.7273324814909724 -2.1474216817380514 -12.659231403369773 0.0 0.0 0.0
170 -0.20613390370306772 -1.8696827484153844 -12.432291780056522 0.0 0.0 0.0
171 -1.1159052454458092 -2.233747980432283 -12.232861058802014 0.0 0.0 0.0
172 -2.1111855710395266 -2.306739437925032 -12.296808854848107 0.0 0.0 0.0
173 -2.8566740927162892 -1.6640872934852675 -12.4735716487137 0.0 0.0 0.0
174 -2.0388408958692867 -2.1670150929658982 -12.193906687296318 0.0 0.0 0.0
175 -2.6246517631107 -2.2761412265286505 -12.996974003774525 0.0 0.0 0.0
176 -2.6026153852737943 -2.1087755486985333 -13.98262258614874 0.0 0.0 0.0
177 -3.1314505495268934 -2.7613398760565144 -13.439950339107101 0.0 0.0 0.0
178 -3.8929652385410813 -2.1175436328427812 -13.514928840289175 0.0 0.0 0.0
179 -3.0065639597303124 -2.4972797156257682 -13.250177484569758 0.0 0.0 0.0
180 -3.8483703014043757 -2.0554205215492876 -12.940141138752988 0.0 0.0 0.0
181 -4.478756091224258 -2.3547519707172997 -13.656391401951641 0.0 0.0 0.0
182 -5.383208942212886 -1.929533009802165 -13.622422657247169 0.0 0.0 0.0
183 -6.2414067103078645 -1.4569939001218903 -13.421914850268555 0.0 0.0 0.0
184 -6.506188775519169 -0.5486628358826339 -13.098147749283271 0.0 0.0 0.0
185 -7.187486545393975 -1.1019136248386403 -13.577466967845567 0.0 0.0 0.0
186 -8.01360452605981 -0.5903310619139225 -13.341220563995728 0.0 0.0 0.0
187 -8.807359388166459 -1.1202873268861855 -13.63971608506548 0.0 0.0 0.0
188 -8.790464191787937 -0.6950906492763558 -14.544659363779061 0.0 0.0 0.0
189 -9.470683361208422 -0.006874531903679815 -14.292349123516441 0.0 0.0 0.0
190 -10.269668962216468 0.37151336020551473 -14.759729709855856 0.0 0.0 0.0
191 -9.649742440994386 -0.2755331663214635 -14.315858218549126 0.0 0.0 0.0
192 -9.307017092552764 0.16358847330524962 -13.485369494274607 0.0 0.0 0.0
193 -9.026752715115101 1.1044470463729987 -13.295009245734116 0.0 0.0 0.0
194 -9.368986679222575 1.9851225309036524 -13.622555585597624 0.0 0.0 0.0
195 -9.139354300275176 2.905045841289419 -13.304734765719736 0.0 0.0 0.0
196 -9.352506974805557 3.881056608950229 -13.349107265657203 0.0 0.0 0.0
197 -9.606449885539718 4.846598056889101 -13.292162464314426 0.0 0.0 0.0
198 -10.257826827632426 5.411069032456878 -12.785131304471653 0.0 0.0 0.0
199 -10.487523517487434 6.341449252235878 -13.07084458262587 0.0 0.0 0.0
200 -11.294493440931433 5.772526308266073 -13.229357126235234 0.0 0.0 0.0
201 -11.64686884989306 6.6295746438285965 -12.853458573872185 0.0 0.0 0.0
202 -12.433787263644382 7.137302034414573 -13.20413264897306 0.0 0.0 0.0
305 -13.332625919565297 7.521858840932989 -13.414382817064864 0.0 0.0 0.0
306 -13.552094328056334 8.49636339597469 -13.367751391208603 0.0 0.0 0.0
307 -14.009926162865554 9.345715636945663 -13.105090427620913 0.0 0.0 0.0
308 -14.148958780824895 10.160357299585817 -13.668143615725072 0.0 0.0 0.0
309 -14.0042064305991 11.121638444322844 -13.902633099235903 0.0 0.0 0.0
310 -14.945371800720189 11.337066416143319 -14.163014617478156 0.0 0.0 0.0
311 -15.582110785897285 12.0038788553204 -14.550215645000486 0.0 0.0 0.0
312 -16.13008541221276 12.646693748828373 -15.085484569559668 0.0 0.0 0.0
313 -16.307407421501225 13.524937032408488 -15.529608020717472 0.0 0.0 0.0
314 -16.26036179932329 14.303148262877784 -16.155845986833672 0.0 0.0 0.0
315 -16.340729897705483 15.225471640799674 -16.533814974055087 0.0 0.0 0.0
316 -16.264545995252842 16.07023895558005 -17.06349808392913 0.0 0.0 0.0
317 -16.458186414571014 16.96031061298108 -17.476143007195688 0.0 0.0 0.0
318 -15.922286481441525 16.38936966198325 -18.09810578111829 0.0 0.0 0.0
319 -15.9140398032123 15.61023598960628 -18.72490934912549 0.0 0.0 0.0
320 -15.504836621076938 14.885213731744921 -19.278890830166063 0.0 0.0 0.0
321 -15.601912296250978 14.056965969775362 -19.83078027387913 0.0 0.0 0.0
322 -15.524098601780699 13.203822670001447 -20.346620887832472 0.0 0.0 0.0
323 -15.661725562720953 12.574209282846708 -21.111242233557192 0.0 0.0 0.0
324 -15.474607417768745 11.860093967325383 -21.785798469884096 0.0 0.0 0.0
325 -15.617465573307596 11.185374294051686 -22.509915110967192 0.0 0.0 0.0
326 -14.766583309543837 10.79554717901179 -22.157730225442663 0.0 0.0 0.0
327 -14.611239141840219 9.996988677701038 -22.739256243385793 0.0 0.0 0.0
328 -14.549102386611601 9.082025482828884 -23.137980929954104 0.0 0.0 0.0
329 -13.768059576732416 8.963375367117527 -22.52487875316976 0.0 0.0 0.0
330 -13.310466935612734 8.080756709150993 -22.632550845201365 0.0 0.0 0.0
331 -13.20438853098094 7.125500959310654 -22.908655579799927 0.0 0.0 0.0
332 -13.32502029121114 6.197604444979436 -23.26143885195967 0.0 0.0 0.0
333 -13.75546769179551 6.944474402709667 -23.768292185351296 0.0 0.0 0.0
334 -13.703945109195626 6.729872662357693 -24.743633928803373 0.0 0.0 0.0
335 -14.015368700564165 6.888227793649406 -25.680617919665917 0.0 0.0 0.0
336 -14.226363522491246 6.7260217516859635 -26.644552764492325 0.0 0.0 0.0
337 -13.737495493109996 7.277478969406404 -25.96860677044182 0.0 0.0 0.0
338 -13.094947124605135 7.967493378190984 -26.30179096844858 0.0 0.0 0.0
339 -12.467772634343346 7.531384679335586 -26.947129144560538 0.0 0.0 0.0
340 -11.813525098093834 8.17104870635608 -27.350601688666536 0.0 0.0 0.0
341 -10.936921984687494 8.530242932107578 -27.030372880229365 0.0 0.0 0.0
359 -11.156674260602822 8.189940852889286 -26.116095333687976 0.0 0.0 0.0
360 -11.880262432184649 8.526470221709372 -25.513460998565577 0.0 0.0 0.0
361 -12.155315098590934 7.814054268233021 -24.867853114525136 0.0 0.0 0.0
362 -12.785683520355855 7.038158227997063 -24.842933491980624 0.0 0.0 0.0
363 -13.486976353976452 6.365213250131508 -24.60770292789951 0.0 0.0 0.0
364 -14.113078109248448 5.585472392062691 -24.60681619038166 0.0 0.0 0.0
365 -14.572502701604618 4.764835144317095 -24.26698748124881 0.0 0.0 0.0
366 -15.336411760498152 4.125701234108684 -24.177820253176495 0.0 0.0 0.0
367 -15.020527410434534 3.702795188726773 -23.328486659019102 0.0 0.0 0.0
368 -15.848671391519925 3.1859978706906906 -23.5455075765887 0.0 0.0 0.0
369 -16.692112922529148 3.652985166165345 -23.279934141106008 0.0 0.0 0.0
370 -17.61949868686791 3.4848806116286917 -23.61414440852135 0.0 0.0 0.0
371 -18.328028995627765 2.835037768350647 -23.889260894048792 0.0 0.0 0.0
372 -18.981926126684694 2.1217302022288074 -24.14147282498952 0.0 0.0 0.0
373 -19.76423276997522 1.5199307220411429 -24.302201483010936 0.0 0.0 0.0
374 -19.91130135685049 0.6777194980367665 -23.783500138386156 0.0 0.0 0.0
375 -20.840302641021 0.4622426037081332 -23.48262421375936 0.0 0.0 0.0
376 -21.716120699158164 0.6565932274783188 -23.04084308686395 0.0 0.0 0.0
377 -22.55133989470543 0.1074655252001443 -23.0113869842692 0.0 0.0 0.0
378 -23.461965325481458 -0.2662160438873265 -23.187805264921447 0.0 0.0 0.0
379 -24.121728297529504 -0.957342597264401 -23.482859341204847 0.0 0.0 0.0
380 -24.72033898296397 -1.4976408695219225 -24.07425009551135 0.0 0.0 0.0
381 -25.39423931160821 -1.9525679919223433 -24.656400986911216 0.0 0.0 0.0
382 -25.861538291693453 -1.4386905968713963 -25.375818588910874 0.0 0.0 0.0
383 -26.55680030133665 -1.46374021189619 -24.65749884483167 0.0 0.0 0.0
384 -27.332798478686765 -1.844833257155267 -24.154910624113693 0.0 0.0 0.0
385 -28.10668834033475 -2.4766640852231747 -24.111502252323433 0.0 0.0 0.0
386 -28.829222526085832 -2.8828908187609463 -23.552105978309875 0.0 0.0 0.0
387 -29.44018740896763 -2.7036473790486166 -22.781006956649673 0.0 0.0 0.0
388 -29.851597549904454 -2.351435621219233 -21.940359245904517 0.0 0.0 0.0
389 -29.653156319545456 -3.2382142971850176 -21.522933015360753 0.0 0.0 0.0
390 -30.46748235357791 -3.7109346284562292 -21.186171083575395 0.0 0.0 0.0
391 -31.142600056126852 -3.737494430183752 -20.448939325823986 0.0 0.0 0.0
392 -31.795538778333714 -4.127626713564582 -19.799733790953148 0.0 0.0 0.0
393 -31.11054379324915 -3.5366198720970248 -20.225753489731897 0.0 0.0 0.0
394 -31.92111528594616 -4.048683005887907 -19.941561297300087 0.0 0.0 0.0
395 -32.74925688679998 -4.240923960143814 -19.41503978354964 0.0 0.0 0.0
396 -33.6225455998128 -4.382460302845419 -18.948848527283445 0.0 0.0 0.0
397 -34.161017438365064 -5.21995152209594 -18.85580801586814 0.0 0.0 0.0
398 -33.47958883949906 -4.634858545977267 -19.295491167630978 0.0 0.0 0.0
496 -33.83784445492145 -4.568747277686517 -20.22677104727152 0.0 0.0 0.0
497 -34.791378035581516 -4.797136960906157 -20.03027203161894 0.0 0.0 0.0
498 -35.019159207917205 -5.761896833705932 -20.162007089081786 0.0 0.0 0.0
499 -36.01063999129243 -5.888640963782808 -20.131977408951762 0.0 0.0 0.0
500 -36.560608956178456 -5.089396659672531 -20.37434630136468 0.0 0.0 0.0
501 -36.814505298413934 -5.144596202215722 -19.408691260523256 0.0 0.0 0.0
502 -37.33036282895325 -5.457664341585033 -18.61127082668818 0.0 0.0 0.0
503 -38.151394173684146 -5.948778140109559 -18.32021281207909 0.0 0.0 0.0
504 -38.732784754739725 -6.755973206716591 -18.422296683014345 0.0 0.0 0.0
505 -38.91194678171766 -7.711900519301814 -18.189694144028312 0.0 0.0 0.0
506 -39.81786946616474 -7.6700169038132575 -17.768327495421882 0.0 0.0 0.0
507 -40.231307731659044 -8.391440359497265 -17.212794419706313 0.0 0.0 0.0
508 -41.06367967014882 -8.36919115246192 -16.659023773318236 0.0 0.0 0.0
509 -42.02074028976329 -8.11688043043296 -16.80176224021628 0.0 0.0 0.0
510 -42.97573662777661 -7.8205657484324185 -16.815163867432997 0.0 0.0 0.0
511 -43.83534231464236 -7.418818229969118 -17.130880503859775 0.0 0.0 0.0
512 -44.81736963294933 -7.258321175544914 -17.23019335106487 0.0 0.0 0.0
513 -45.793995025377576 -7.048936627372732 -17.278782998636174 0.0 0.0 0.0
514 -44.82316500316694 -7.1121209221473185 -17.047489218200266 0.0 0.0 0.0
515 -44.012897886604996 -7.427832089447335 -17.54124387251803 0.0 0.0 0.0
516 -44.961678317303225 -7.138699366555003 -17.413894106609554 0.0 0.0 0.0
517 -45.74328850151409 -7.749086810922204 -17.54239580969842 0.0 0.0 0.0
518 -46.70547663010531 -7.762201559200013 -17.814465669432508 0.0 0.0 0.0
519 -47.43177128138792 -7.9349460325849765 -18.47978921961935 0.0 0.0 0.0
520 -47.89482282655577 -8.177621086144464 -19.332251585297485 0.0 0.0 0.0
521 -47.94883331306723 -8.780590622858256 -20.12818537974395 0.0 0.0 0.0
522 -48.74658010085455 -9.161822170776258 -20.595371177309605 0.0 0.0 0.0
523 -49.42692172130027 -9.293931999140014 -21.316261094522346 0.0 0.0 0.0
524 -49.97533734320384 -9.441830760392852 -22.139283732164827 0.0 0.0 0.0
525 -50.34957752838264 -9.685571094840961 -23.03400990992004 0.0 0.0 0.0
526 -51.24883053053989 -10.114953654073366 -23.11752431549297 0.0 0.0 0.0
527 -51.78279461482176 -9.437083771057573 -22.612178118913654 0.0 0.0 0.0
528 -52.525301640474915 -9.589478383621572 -23.264450453845292 0.0 0.0 0.0
529 -53.39200213853659 -9.090656566859128 -23.26179681832701 0.0 0.0 0.0
530 -53.98342287838658 -9.272455368598061 -24.047398946736536 0.0 0.0 0.0
531 -53.59831588427162 -8.396151756106745 -24.336854611421835 0.0 0.0 0.0
532 -54.19940929272037 -9.001751685726829 -23.815380317171762 0.0 0.0 0.0
533 -54.508625181559346 -9.942502898955382 -23.676194510070157 0.0 0.0 0.0
534 -54.79943574533659 -10.846015567051035 -23.361402396785476 0.0 0.0 0.0
535 -54.637330476188865 -11.830780445204997 -23.29847373504094 0.0 0.0 0.0
536 -54.83360534746744 -12.316028930580678 -24.15053598766406 0.0 0.0 0.0
537 -55.43430717599099 -12.947276586831974 -24.641131248225875 0.0 0.0 0.0
538 -54.70434435358447 -12.265984796403437 -24.695864914273294 0.0 0.0 0.0
539 -54.04862608925848 -11.59545709509762 -25.04288963905648 0.0 0.0 0.0
540 -53.56558982131214 -10.776177978151209 -25.351851922165565 0.0 0.0 0.0
541 -53.85210115104544 -9.921489192376361 -24.918933526385064 0.0 0.0 0.0
542 -53.2573357689954 -9.135291955840946 -24.751159733500295 0.0 0.0 0.0
543 -53.1722820430015 -8.14671968907937 -24.875621523156525 0.0 0.0 0.0
544 -52.543975204611556 -8.098462121120663 -25.652088988004305 0.0 0.0 0.0
545 -52.99139472733972 -8.868582435343015 -25.197412760009293 0.0 0.0 0.0
546 -53.64883304310783 -9.528508242027723 -24.833719495524605 0.0 0.0 0.0
547 -53.15310264493076 -8.695306704378579 -25.078722699549182 0.0 0.0 0.0
646 -52.50287869586815 -8.111482244606567 -25.56488914865621 0.0 0.0 0.0
647 -51.90450968506217 -7.396776627337481 -25.927036090588754 0.0 0.0 0.0
648 -51.12429488899215 -6.826586528315553 -26.184228864536188 0.0 0.0 0.0
649 -50.36019292999581 -6.281666554640235 -26.52949748249567 0.0 0.0 0.0
650 -49.46305401283539 -6.057378968318805 -26.910071840457874 0.0 0.0 0.0
651 -49.928947401891996 -6.552830545591711 -26.176947645923864 0.0 0.0 0.0
652 -49.113330493899014 -6.048110231685008 -26.459837136937377 0.0 0.0 0.0
653 -48.360116550672785 -5.461340468894779 -26.757108059169433 0.0 0.0 0.0
654 -47.773196965336396 -4.906617925370144 -27.34686080401605 0.0 0.0 0.0
655 -47.293717732648595 -4.032761832506368 -27.427329396559795 0.0 0.0 0.0
656 -47.08586042806292 -3.0775495907008783 -27.637959199852933 0.0 0.0 0.0
657 -46.80942489831146 -2.1953919672300843 -28.019248230961075 0.0 0.0 0.0
658 -46.659843640771825 -1.3690724403808705 -28.56222289606116 0.0 0.0 0.0
659 -46.908005614144464 -1.5203188609802543 -27.605384270572163 0.0 0.0 0.0
660 -46.9259122126466 -0.936287710716957 -28.416917984753045 0.0 0.0 0.0
661 -47.27870865945364 -1.7079450771631253 -27.887692535695944 0.0 0.0 0.0
662 -46.321862184652375 -1.8253813903555045 -28.153499864421423 0.0 0.0 0.0
663 -47.24358343410379 -1.7571864428629123 -27.771689194787626 0.0 0.0 0.0
664 -46.5581911692825 -1.8163522659337232 -27.045922807646768 0.0 0.0 0.0
665 -45.91479836756141 -1.3192862903307836 -27.628135070134753 0.0 0.0 0.0
666 -44.96408749042674 -1.3305521156276707 -27.938009091760012 0.0 0.0 0.0
667 -44.26127320171465 -1.5224443890156634 -27.253005857463926 0.0 0.0 0.0
668 -44.121980740637795 -2.445845986808318 -26.89533687714676 0.0 0.0 0.0
669 -43.205139135449976 -2.749779664762239 -27.154230272972196 0.0 0.0 0.0
670 -42.85035207995346 -2.3941518206201087 -26.28955982608337 0.0 0.0 0.0
671 -42.450518880716366 -3.310516121501322 -26.309805340606733 0.0 0.0 0.0
672 -41.49999178187673 -3.535197649751164 -26.524319781227433 0.0 0.0 0.0
673 -41.427627211215594 -4.4337912937582065 -26.091546362608437 0.0 0.0 0.0
674 -41.351401994159794 -3.823994425317593 -26.880430064762827 0.0 0.0 0.0
675 -41.78990615580489 -3.2940313820939044 -26.154583474196322 0.0 0.0 0.0
676 -42.22751205974402 -2.8790707465348166 -25.356893845472207 0.0 0.0 0.0
677 -42.69911192142897 -2.671515939494158 -24.49985558930563 0.0 0.0 0.0
678 -43.37865234962654 -2.449654143676598 -23.80056870254049 0.0 0.0 0.0
679 -42.434141784166584 -2.777823573856298 -23.78626426861073 0.0 0.0 0.0
680 -41.88158314815754 -3.0810315359153893 -23.009898449221573 0.0 0.0 0.0
681 -42.05080965928092 -3.1351088886676752 -23.993990938702268 0.0 0.0 0.0
682 -41.506635152175384 -3.218358682745046 -23.159159472116038 0.0 0.0 0.0
683 -41.00063474211464 -2.3594800369857616 -23.238475655061634 0.0 0.0 0.0
684 -40.34746060878454 -2.8974704134006157 -23.7713263906654 0.0 0.0 0.0
685 -40.56956120984097 -3.86371370661778 -23.901883739455975 0.0 0.0 0.0
686 -41.15468941642 -3.107798006070233 -23.608257385851065 0.0 0.0 0.0
687 -40.17338356970088 -3.283577100138832 -23.686619017299755 0.0 0.0 0.0
688 -41.12281236417939 -3.0233965328089205 -23.862377478259624 0.0 0.0 0.0
689 -41.98443449830021 -2.6408256443573253 -24.195914302766965 0.0 0.0 0.0
690 -41.003913344151954 -2.8081381319872887 -24.093031856495305 0.0 0.0 0.0
691 -41.40470272741235 -2.1944966006702926 -23.412729025905364 0.0 0.0 0.0
692 -41.37069906780302 -3.1649657967898355 -23.651545462769047 0.0 0.0 0.0
789 -41.67891236837433 -3.8030135656492945 -24.35716547807786 0.0 0.0 0.0
790 -41.78677902793102 -2.928696344678581 -24.83038232147011 0.0 0.0 0.0
791 -41.82307493967507 -3.7608160710641587 -24.276975267168613 0.0 0.0 0.0
792 -42.40799297595343 -2.9547859693204908 -24.186496728722396 0.0 0.0 0.0
793 -42.58355488512436 -2.6347785443661267 -23.255490142267533 0.0 0.0 0.0
794 -43.40913363009355 -2.070542871580604 -23.247884788143107 0.0 0.0 0.0
795 -42.6293002268576 -2.050257180930932 -22.62222645170675 0.0 0.0 0.0
796 -42.35852464657495 -2.503767416515487 -23.471348970158967 0.0 0.0 0.0
797 -41.876525169069346 -1.6560440480978633 -23.249895601877963 0.0 0.0 0.0
798 -42.83493922477278 -1.7111939777902836 -23.529897357381415 0.0 0.0 0.0
799 -43.61402901600492 -2.1523022213912766 -23.97536634016822 0.0 0.0 0.0
800 -42.9096208034544 -2.009814000836551 -23.28002025576526 0.0 0.0 0.0
801 -43.561038782651856 -1.3133723384346485 -22.97898267131909 0.0 0.0 0.0
802 -42.912420903525856 -1.4206712255692036 -23.732495641146272 0.0 0.0 0.0
803 -42.60783137074063 -0.5139450915855177 -23.440822991642282 0.0 0.0 0.0
804 -42.91472425072189 -1.4511564709804459 -23.60650820688331 0.0 0.0 0.0
805 -43.02298916583256 -2.3902531613414064 -23.93266172029252 0.0 0.0 0.0
806 -42.20023881647701 -2.6823199566828877 -23.44503599322895 0.0 0.0 0.0
807 -41.30312574079148 -2.8029700692365065 -23.02002813474296 0.0 0.0 0.0
808 -42.1444906924307 -3.2110304338518487 -22.66563886150925 0.0 0.0 0.0
809 -42.432687970388244 -3.9028823076603656 -23.3276685539593 0.0 0.0 0.0
810 -43.41911165112287 -4.064555011524921 -23.29885434026054 0.0 0.0 0.0
811 -44.34864659665062 -3.835110304890454 -23.58750622686471 0.0 0.0 0.0
812 -45.319993273448574 -3.933159466139799 -23.804005638992955 0.0 0.0 0.0
813 -45.442797681825674 -2.970386455492264 -24.044810969606363 0.0 0.0 0.0
814 -45.01360482050838 -3.80475974450917 -24.39066455476833 0.0 0.0 0.0
815 -45.04943681480769 -4.434249444617848 -25.166846740625243 0.0 0.0 0.0
816 -44.46717906303225 -5.1091423519652714 -25.620162826937587 0.0 0.0 0.0
817 -45.27638321499564 -4.85215985935616 -25.091817637750058 0.0 0.0 0.0
818 -45.09342897722815 -5.831414714601049 -25.178924901294632 0.0 0.0 0.0
819 -44.94719421007585 -4.963232657370606 -25.653135095595673 0.0 0.0 0.0
820 -44.64367279528454 -5.741312103929464 -26.203105208970694 0.0 0.0 0.0
821 -44.94580654401594 -4.857676183993111 -26.560740160947912 0.0 0.0 0.0
822 -45.27565935885566 -4.4255384908106254 -25.721422500777923 0.0 0.0 0.0
823 -45.033115411330314 -4.6275924185827035 -26.670288478559133 0.0 0.0 0.0
824 -45.0266540074896 -3.995276168841575 -25.89560505252388 0.0 0.0 0.0
825 -44.107663296086095 -3.7502453818916113 -26.20449983363999 0.0 0.0 0.0
826 -43.2582249633269 -4.166028222535887 -25.879570382427787 0.0 0.0 0.0
827 -42.95970808538992 -5.096538284416989 -25.66734715484706 0.0 0.0 0.0
828 -42.14260522792452 -5.4976282130369345 -26.08143626298869 0.0 0.0 0.0
829 -42.43201759275965 -6.401633502938602 -25.766769901725947 0.0 0.0 0.0
830 -41.54267227727064 -6.33175855958728 -25.314904432687435 0.0 0.0 0.0
831 -40.695401857498105 -6.8538101741216675 -25.21695062959382 0.0 0.0 0.0
832 -41.55769229277727 -6.914058704757081 -25.719768011734033 0.0 0.0 0.0
833 -41.64280440580169 -7.832765822567017 -25.334108628467042 0.0 0.0 0.0
834 -41.58890306335627 -6.842893333342294 -25.4654368446227 0.0 0.0 0.0
835 -41.1784948544079 -6.54130037488509 -26.326021988252787 0.0 0.0 0.0
0 0.0 0.0 0.0 0.0 0.0 0.0
1 -0.05627240201716959 0.05327816674709678 -0.996992905551131 0.0 0.0 0.0
2 0.2689704622621593 0.2894824125587138 -0.08133760277833368 0.0 0.0 0.0
3 0.5178588594820197 0.26763378391334547 0.8869481004909264 0.0 0.0 0.0
4 1.4897385831437786 0.47300528789515894 0.7717424231681886 0.0 0.0 0.0
