0 0.0 0.0 0.0 0.0 0.0 0.0
1 -0.40038008594682784 -0.6913904304463276 -0.6013942629128187 0.0 0.0 0.0
2 -1.3501430259855762 -0.946221964539532 -0.783084237761891 0.0 0.0 0.0
3 -1.0149163139528776 -0.8025164497984478 0.14802895437574937 0.0 0.0 0.0
4 -0.2941575883992623 -1.277718109392278 0.6526974022279994 0.0 0.0 0.0
5 0.14195181400436985 -2.080677584441696 1.0589789186221248 0.0 0.0 0.0
6 0.16645732475475128 -1.1042176418057164 0.8446766545878811 0.0 0.0 0.0
7 0.1889674543423419 -0.6988512777966254 1.7585537825410866 0.0 0.0 0.0
8 -0.5135762239225088 -1.2904938413449467 2.1540173802692 0.0 0.0 0.0
9 -0.228907948958184 -0.48434043979700225 1.6352875214780238 0.0 0.0 0.0
10 -0.5877470177142359 -1.1854945614914087 2.2514185305704366 0.0 0.0 0.0
11 -0.7758290901851792 -1.672439445311693 3.1043603891612115 0.0 0.0 0.0
12 -1.175551305912248 -2.0724042686156383 3.9291332611530625 0.0 0.0 0.0
13 -1.8498096742794607 -2.431650220040478 4.574360352239329 0.0 0.0 0.0
14 -2.0765516777418984 -2.708420646422064 5.508162362810304 0.0 0.0 0.0
15 -1.11814069822764 -2.857953457921102 5.751243280678641 0.0 0.0 0.0
16 -0.7612804065380703 -1.9584522162272384 5.4991555015095 0.0 0.0 0.0
17 -1.7176041434669245 -2.231018349165203 5.393549567198608 0.0 0.0 0.0
18 -2.568540686099743 -1.7061454559222917 5.373167066102757 0.0 0.0 0.0
19 -1.7063356914412107 -1.2354732643769948 5.560437553077691 0.0 0.0 0.0
20 -1.0246358684817687 -1.535142632850103 4.892991959058227 0.0 0.0 0.0
21 -1.0384299757103046 -2.4801271082901 5.219816168356074 0.0 0.0 0.0
22 -1.4735226476844736 -1.6290451980247482 5.513676592390102 0.0 0.0 0.0
23 -0.8688989254511252 -0.8603510564590473 5.722337732124508 0.0 0.0 0.0
24 -0.48710091136586603 0.06260118706474282 5.77121955507492 0.0 0.0 0.0
25 -0.2791576440719807 1.0381946280525658 5.700671447455481 0.0 0.0 0.0
26 0.20502190393862862 1.867992955783499 5.4231738788477735 0.0 0.0 0.0
27 -0.13042194908693538 2.3254285865154225 4.599626633570217 0.0 0.0 0.0
28 -0.1219046845945432 3.285842356376092 4.321179426962599 0.0 0.0 0.0
29 -0.3439088047132024 4.212538502643267 4.0179494430495515 0.0 0.0 0.0
30 -0.31610098270134274 5.1560802590942085 3.687865091908166 0.0 0.0 0.0
31 -0.5436686131005934 4.420679633993864 4.326143161558451 0.0 0.0 0.0
32 -0.5448312818647211 3.77344077384138 5.088429529080433 0.0 0.0 0.0
33 -0.5617587736652804 2.892974730888299 5.562236459409535 0.0 0.0 0.0
34 -1.0426868190734613 3.4907603693894353 6.203610410815152 0.0 0.0 0.0
35 -1.1703388366758947 3.994506927570467 7.057978228281841 0.0 0.0 0.0
36 -1.461869108650955 4.53714461752812 7.845731005464867 0.0 0.0 0.0
37 -1.875547008086107 4.792739964324878 8.71953968830955 0.0 0.0 0.0
38 -2.313802679361139 4.8857628509728235 9.613563574542438 0.0 0.0 0.0
39 -2.9784154194060086 4.928937727694769 10.35950314031844 0.0 0.0 0.0
40 -3.3332830318852604 4.833038045263477 11.28948820929689 0.0 0.0 0.0
41 -3.697006112056966 4.4719997592070015 12.148183077659224 0.0 0.0 0.0
42 -4.084767428723435 4.12424864429971 13.00182839239938 0.0 0.0 0.0
43 -4.5419656673937245 3.6848834991812662 13.775086460454173 0.0 0.0 0.0
44 -4.447677188124066 2.9008009281850695 13.161633769094024 0.0 0.0 0.0
158 -4.951964339578792 2.6954333181374897 12.322873604552917 0.0 0.0 0.0
159 -5.52544472918168 2.243469397229305 13.006136992228722 0.0 0.0 0.0
160 -5.768478740199329 1.3000956382333737 13.231925433754316 0.0 0.0 0.0
161 -5.490953454254797 0.5193311177232094 12.672116109810942 0.0 0.0 0.0
162 -6.189271587278216 -0.03157997293642745 13.129115842063477 0.0 0.0 0.0
163 -5.88734934639034 -0.8151161626331909 12.586055992790193 0.0 0.0 0.0
164 -6.624374639735258 -1.1647380081294427 13.164466125932437 0.0 0.0 0.0
165 -7.220808316806336 -1.7250986488969575 13.739151101492173 0.0 0.0 0.0
166 -8.11777866291596 -1.9790196115407057 14.101046587689567 0.0 0.0 0.0
167 -7.741588486720301 -2.4835978413358597 13.323948291879658 0.0 0.0 0.0
168 -7.801766254090856 -2.862204870090887 12.40034916125448 0.0 0.0 0.0
169 -8.260538650092855 -2.2641731291599076 11.743168877385857 0.0 0.0 0.0
170 -8.103104291037758 -2.641927964446075 10.830745890495002 0.0 0.0 0.0
171 -8.949709327497208 -3.164000599807393 10.727304720507535 0.0 0.0 0.0
172 -8.761223883574953 -3.467959221184202 9.793451202058234 0.0 0.0 0.0
173 -8.90322219404344 -2.645004470439023 10.343525704330457 0.0 0.0 0.0
174 -9.55486673496645 -1.9041779898086761 10.180628442591365 0.0 0.0 0.0
175 -9.78674791269457 -2.375439948076273 9.32966235272338 0.0 0.0 0.0
176 -8.820250225375815 -2.3494990830891958 9.074301251669958 0.0 0.0 0.0
177 -9.18104795744715 -1.9023327125976706 8.255847078466829 0.0 0.0 0.0
178 -9.582129110362423 -1.6778877887032428 7.3677263744439 0.0 0.0 0.0
179 -9.74114063708067 -1.2950784118207408 6.457686641607162 0.0 0.0 0.0
180 -9.218091180411308 -1.0175010855379927 5.6518516127013605 0.0 0.0 0.0
181 -10.199547263578964 -1.097028336237557 5.477440107320066 0.0 0.0 0.0
182 -9.638817571626651 -1.515121866406999 4.762751355069463 0.0 0.0 0.0
183 -10.623772844620229 -1.6055307868457955 4.615478352427305 0.0 0.0 0.0
184 -10.514824134882804 -2.083318167172181 3.7437849442570927 0.0 0.0 0.0
185 -10.261962019504898 -2.668457515376554 2.973283358412149 0.0 0.0 0.0
186 -9.957827215847342 -3.2952102252593933 3.690697507881399 0.0 0.0 0.0
187 -10.837349475113939 -3.6588064945463357 3.9976801595332425 0.0 0.0 0.0
188 -11.310495649356229 -4.508057261399211 3.7633602226954155 0.0 0.0 0.0
189 -12.24083156549425 -4.505695885398048 4.130061064045699 0.0 0.0 0.0
190 -12.218605490243046 -5.430086864253249 3.749262797518588 0.0 0.0 0.0
191 -12.473511714341525 -6.342723993319259 3.429706405678268 0.0 0.0 0.0
192 -12.629571228269766 -7.247287103980575 3.032955845573805 0.0 0.0 0.0
193 -13.025229244609024 -8.109863451847993 2.717651582668611 0.0 0.0 0.0
194 -13.96256451483888 -7.781363546528933 2.833799778472455 0.0 0.0 0.0
195 -14.882613889894268 -7.506870321681762 3.1133755588490573 0.0 0.0 0.0
196 -15.825009215107638 -7.344414021278297 3.4057776817469603 0.0 0.0 0.0
197 -16.674913240802756 -7.114778519690549 3.88004625915619 0.0 0.0 0.0
198 -17.569410284900066 -7.034633258149423 4.31987778957855 0.0 0.0 0.0
199 -17.622240367507192 -7.385384450979581 3.38490047268795 0.0 0.0 0.0
200 -18.439629490585972 -7.279213440769574 3.951118397221858 0.0 0.0 0.0
201 -19.36227020889622 -7.241455197384452 4.334926187622746 0.0 0.0 0.0
202 -19.792734236377324 -6.976857182816031 3.471972763774625 0.0 0.0 0.0
305 -20.450513667201342 -6.281088539350534 3.7604727033846723 0.0 0.0 0.0
306 -20.383772402936255 -6.07164010826477 2.784933386719265 0.0 0.0 0.0
307 -20.49909644662361 -5.856686019918382 1.8151421180171956 0.0 0.0 0.0
308 -20.626702296644588 -5.864052796588761 0.8233445188862484 0.0 0.0 0.0
309 -21.598253000086025 -5.997272370583423 1.0191550797534403 0.0 0.0 0.0
310 -22.393283034378328 -6.084819793924418 0.41893620864097414 0.0 0.0 0.0
311 -23.37077831430206 -6.187324519299806 0.6033155974091583 0.0 0.0 0.0
312 -22.548692923055448 -5.958245335890638 0.08206869120492255 0.0 0.0 0.0
313 -22.816926020384717 -5.457339540955888 -0.7408191444676753 0.0 0.0 0.0
314 -23.808467353517027 -5.520527433499976 -0.6274477418741322 0.0 0.0 0.0
315 -23.6900942256659 -5.1778705869613555 -1.559420964731392 0.0 0.0 0.0
316 -24.626535072612114 -5.5280957585069785 -1.5389058633061836 0.0 0.0 0.0
317 -25.555152881285917 -5.896897099643711 -1.579581853639647 0.0 0.0 0.0
318 -26.453533287174714 -6.324809834704477 -1.6785936584302321 0.0 0.0 0.0
319 -27.382668271289337 -6.667664672941089 -1.8170087630686536 0.0 0.0 0.0
320 -28.334130762351858 -6.9353245298086925 -1.9689210045856205 0.0 0.0 0.0
321 -27.952204967771927 -6.332069679654854 -2.6690754684008264 0.0 0.0 0.0
322 -27.87054733999981 -5.791281072488662 -3.506261059644417 0.0 0.0 0.0
323 -27.735813986550998 -5.761748868428572 -2.515819353943476 0.0 0.0 0.0
324 -28.663509880749306 -6.023452115107585 -2.782074379370719 0.0 0.0 0.0
325 -29.61131203140298 -6.202326286988979 -3.0460348193044506 0.0 0.0 0.0
326 -30.5744222244855 -6.2997274865911175 -3.2968968576773627 0.0 0.0 0.0
327 -31.47136397900747 -6.492054710108582 -3.6950246362725085 0.0 0.0 0.0
328 -31.135408084420778 -5.749441817293137 -4.274386119559697 0.0 0.0 0.0
329 -32.067398821182 -5.597913290266837 -4.603676830161278 0.0 0.0 0.0
330 -32.97635254831804 -5.358307276119522 -4.944839665050907 0.0 0.0 0.0
331 -33.68308423425527 -5.337342028327337 -5.652010636229259 0.0 0.0 0.0
332 -34.61248007170746 -5.285265576962158 -6.01740278247729 0.0 0.0 0.0
333 -34.82407006962096 -6.0421185599037575 -5.399015173452525 0.0 0.0 0.0
334 -34.50274747214513 -5.959851342535587 -6.342404750084517 0.0 0.0 0.0
335 -34.095821496661344 -6.869696182955029 -6.2612036611837185 0.0 0.0 0.0
336 -33.20609087843338 -7.32600961758979 -6.273752619686188 0.0 0.0 0.0
337 -32.84136038365371 -8.23123013749506 -6.055698781104529 0.0 0.0 0.0
338 -32.26030986623435 -9.023575458601462 -5.869770869462721 0.0 0.0 0.0
339 -32.26262996881187 -8.38945738621836 -5.096538118344947 0.0 0.0 0.0
340 -31.912352492481713 -9.298433556084975 -4.870555791181109 0.0 0.0 0.0
341 -32.702949249433274 -9.440616529029354 -4.274954607416024 0.0 0.0 0.0
359 -33.11120932183942 -10.13821890041734 -3.6861637746810114 0.0 0.0 0.0
360 -34.06521561327196 -10.420247227048009 -3.787810313653246 0.0 0.0 0.0
361 -33.09765050394618 -10.19123441471921 -3.8944446936844583 0.0 0.0 0.0
362 -34.0570951323013 -10.442347837811026 -4.022538619627895 0.0 0.0 0.0
363 -33.795060616680686 -9.540786056440336 -3.6782650844916915 0.0 0.0 0.0
364 -33.30605036265572 -8.8058070020982 -3.208504761415369 0.0 0.0 0.0
365 -33.359294135662225 -7.912649091336224 -2.7619243687878705 0.0 0.0 0.0
366 -33.339793895866876 -7.735389046467919 -1.7779535271765914 0.0 0.0 0.0
367 -32.34612947477783 -7.623662299746878 -1.7657817430469824 0.0 0.0 0.0
368 -31.915546838682115 -7.099635764151171 -1.0309383696098817 0.0 0.0 0.0
369 -31.55522642528934 -6.588501983202878 -0.250610581006938 0.0 0.0 0.0
370 -30.63352296018655 -6.464587096417039 -0.6181807419971301 0.0 0.0 0.0
371 -30.870362626708772 -5.770227698184363 0.061357335263884094 0.0 0.0 0.0
372 -30.33139937348742 -5.428640278029203 0.83131619524849 0.0 0.0 0.0
373 -29.69040854447131 -5.04762557242749 1.4976183423502936 0.0 0.0 0.0
374 -28.773455953359072 -4.9739789301838515 1.105477911205047 0.0 0.0 0.0
375 -27.91139986088415 -4.977367257621295 0.5986763596446386 0.0 0.0 0.0
376 -27.015402794192113 -4.880228678002147 0.165371209861213 0.0 0.0 0.0
377 -26.05439396944191 -4.879510131242091 -0.11114555715804375 0.0 0.0 0.0
378 -25.48420405708895 -4.891782827489186 0.7102756775186246 0.0 0.0 0.0
379 -24.65553962094731 -4.931709717138188 0.15195579093297806 0.0 0.0 0.0
380 -23.850007421268145 -4.415843886087085 0.44350393384251074 0.0 0.0 0.0
381 -23.157975243180616 -4.416643844000055 -0.278362275755061 0.0 0.0 0.0
382 -22.660995341136662 -3.5689576278715878 -0.09278464792729585 0.0 0.0 0.0
383 -21.773525579636882 -3.385954386767721 -0.5157589215764136 0.0 0.0 0.0
384 -21.063884087038467 -3.654154111980108 -1.1672785754462645 0.0 0.0 0.0
385 -20.463688632755442 -2.864274256568761 -1.0413610203820929 0.0 0.0 0.0
386 -19.788959484197196 -3.122355676262248 -1.7328337652497803 0.0 0.0 0.0
387 -19.032348386882973 -2.468525664152527 -1.73961334381802 0.0 0.0 0.0
388 -18.382643392456835 -2.7432920541735055 -2.448405874205133 0.0 0.0 0.0
389 -17.711700527243117 -3.1280268071734376 -3.082294540654441 0.0 0.0 0.0
390 -17.1802368584966 -2.465482714388521 -3.610102928157233 0.0 0.0 0.0
391 -17.99906216487586 -2.0116079397995557 -3.961561043193324 0.0 0.0 0.0
392 -18.801954229449162 -1.6055676206311473 -4.398019050170894 0.0 0.0 0.0
393 -19.647865892762177 -1.3309442782131857 -4.855201155759237 0.0 0.0 0.0
394 -20.331427334461882 -0.9251995735671552 -5.461925961641706 0.0 0.0 0.0
395 -21.074548403142213 -0.5977696961587539 -6.045501794472123 0.0 0.0 0.0
396 -21.836133846361793 -0.6636353712118126 -5.400793080768148 0.0 0.0 0.0
397 -22.598382540760703 -1.202204255009795 -5.041738091537051 0.0 0.0 0.0
398 -22.422203369850525 -1.6193456838167557 -5.933339980336245 0.0 0.0 0.0
496 -21.886638222058977 -0.7783540605102781 -5.856508593524925 0.0 0.0 0.0
497 -22.76561679286789 -0.46258385933449836 -6.213840165189293 0.0 0.0 0.0
498 -23.643869194513233 -0.19559959044799835 -6.610566921498119 0.0 0.0 0.0
499 -24.56553845637848 0.044120988812817036 -6.915623990932053 0.0 0.0 0.0
500 -25.52779346497324 0.25306643694527553 -7.090000302795264 0.0 0.0 0.0
501 -26.42695249943252 0.24621946005048229 -7.527568754191904 0.0 0.0 0.0
502 -27.411512525712602 0.3335637960307892 -7.679267540025905 0.0 0.0 0.0
503 -27.042178971520517 -0.19653583429707883 -6.9159935999008075 0.0 0.0 0.0
504 -27.95220251541853 0.007078845301993375 -7.277100525620956 0.0 0.0 0.0
505 -28.85414026205747 0.0751630783733567 -7.703566044033581 0.0 0.0 0.0
506 -29.828931024574356 0.27554262774005467 -7.801703730512012 0.0 0.0 0.0
507 -30.7460435454608 0.3697482405251914 -8.189040698219818 0.0 0.0 0.0
508 -31.17233612904579 0.24923174882827867 -7.292519416593164 0.0 0.0 0.0
509 -31.680704816741667 -0.05851880272095697 -6.488249017168004 0.0 0.0 0.0
510 -32.56885703701529 0.030007088645209873 -6.939191142258191 0.0 0.0 0.0
511 -33.42739815076816 -0.001954138877697964 -7.450938771398965 0.0 0.0 0.0
512 -34.09652595834266 0.38990417494783575 -6.819499907361956 0.0 0.0 0.0
513 -34.972404766541544 0.5788636301793735 -7.263493868612212 0.0 0.0 0.0
514 -35.89844438021945 0.533361145391918 -7.638167270093322 0.0 0.0 0.0
515 -36.79946099157752 0.48914385837413404 -8.06969235347273 0.0 0.0 0.0
516 -37.03596734662276 0.33735662135113875 -7.109991682065164 0.0 0.0 0.0
517 -37.86947388416994 0.6512360471628916 -7.564685598802774 0.0 0.0 0.0
518 -38.73291681237216 0.7604648722496172 -8.057164403938323 0.0 0.0 0.0
519 -39.23391924457366 1.3255192897693133 -7.401641659733629 0.0 0.0 0.0
520 -40.17562240523901 1.5600779394430286 -7.6428415707123145 0.0 0.0 0.0
521 -40.57857716988258 2.285717984156223 -7.085101502974955 0.0 0.0 0.0
522 -41.22783200588732 2.695906500810198 -6.444622355203804 0.0 0.0 0.0
523 -41.83924866691708 3.215256739647229 -5.847592208531854 0.0 0.0 0.0
524 -42.34173602517559 3.5775141922689775 -5.062559729706694 0.0 0.0 0.0
525 -43.26598361962334 3.8561478556177913 -5.323576330340372 0.0 0.0 0.0
526 -42.3340177966477 4.073221699116336 -5.613953070583285 0.0 0.0 0.0
527 -43.130050861290734 4.48704060158781 -5.17226848181851 0.0 0.0 0.0
528 -42.613800983266806 4.353379722485463 -6.018212234580988 0.0 0.0 0.0
529 -42.046043337049774 4.065291602391083 -5.247072500017547 0.0 0.0 0.0
530 -41.193307509754426 3.920912299570745 -5.749064756694898 0.0 0.0 0.0
531 -40.60746254181042 4.012141698041249 -4.943792833435811 0.0 0.0 0.0
532 -40.26336441544288 3.9940943310517403 -4.005032602080068 0.0 0.0 0.0
533 -39.54964926401285 4.441371905132506 -3.4660024968506615 0.0 0.0 0.0
534 -38.6716182712317 4.514210727581918 -3.9390311235318958 0.0 0.0 0.0
535 -38.15811271855002 4.409089798020567 -3.0874081802446494 0.0 0.0 0.0
536 -37.27893234572869 4.2459790907049815 -3.5351098322460057 0.0 0.0 0.0
537 -36.67608378191265 3.783919540061761 -2.884667997210534 0.0 0.0 0.0
538 -36.45060741437022 3.7368210392127645 -3.85777751771562 0.0 0.0 0.0
539 -35.45270642862563 3.6968854709109427 -3.8067993553872363 0.0 0.0 0.0
540 -34.75494353859844 4.376970509186683 -3.5818298240849438 0.0 0.0 0.0
541 -33.80432347768132 4.630620250427873 -3.7606686021790976 0.0 0.0 0.0
542 -33.50500628748079 4.861943606285083 -4.6863568459660705 0.0 0.0 0.0
543 -32.590507899143944 5.262370539640524 -4.628469293134202 0.0 0.0 0.0
544 -32.34206326211776 5.516753352108581 -5.563116096506344 0.0 0.0 0.0
545 -31.47952689610565 6.008142471285884 -5.683813034581695 0.0 0.0 0.0
546 -31.154527425109887 6.107646691447557 -6.624277948346414 0.0 0.0 0.0
547 -30.188507332566466 6.362691985418019 -6.582360424255501 0.0 0.0 0.0
646 -29.917307924316216 6.460154999292994 -7.539936448334588 0.0 0.0 0.0
647 -29.419222040332944 6.512734675769857 -8.405468556230177 0.0 0.0 0.0
648 -29.2580253868775 6.611319133816996 -9.387454678100701 0.0 0.0 0.0
649 -28.832300580021784 7.458931859086784 -9.704173886214738 0.0 0.0 0.0
650 -27.853466065252796 7.296898852988383 -9.579160696383955 0.0 0.0 0.0
651 -27.482850753361088 7.37802730087691 -10.50439713402279 0.0 0.0 0.0
652 -27.090077379149307 7.033753925704723 -11.357160242780335 0.0 0.0 0.0
653 -26.3469044241177 7.696716197499296 -11.447575866908894 0.0 0.0 0.0
654 -25.60622223441743 7.066266961789873 -11.215361192406599 0.0 0.0 0.0
655 -24.681749651909353 7.425108867444782 -11.344135921825046 0.0 0.0 0.0
656 -24.43109530242845 7.175736606428293 -12.279542717033323 0.0 0.0 0.0
657 -23.45239723341385 6.9765960043861925 -12.329473772754145 0.0 0.0 0.0
658 -23.328915266125033 6.548636149224208 -13.224796377251657 0.0 0.0 0.0
659 -22.357776898815473 6.369651480317745 -13.382450301515389 0.0 0.0 0.0
660 -22.498836187157597 6.614150460092423 -14.34178471977711 0.0 0.0 0.0
661 -21.769962063119088 7.135809743114471 -14.785196609270406 0.0 0.0 0.0
662 -21.260876777483073 6.966492939641936 -15.629094702650603 0.0 0.0 0.0
663 -20.35662286540427 6.654770804139426 -15.920906581654737 0.0 0.0 0.0
664 -19.848803404695403 6.255991620866098 -16.684512866537986 0.0 0.0 0.0
665 -18.956605393747196 6.576767071739914 -16.36657290463204 0.0 0.0 0.0
666 -18.022896147476587 6.361516234877559 -16.65267449613202 0.0 0.0 0.0
667 -18.154009638653307 6.246154725573115 -17.63730690195789 0.0 0.0 0.0
668 -17.95860108111963 5.9537564542059105 -18.573425882934167 0.0 0.0 0.0
669 -17.056576367240137 6.346885653517673 -18.75175380615177 0.0 0.0 0.0
670 -16.761490160954498 6.11560515700141 -19.67881014898705 0.0 0.0 0.0
671 -15.983584641233008 6.115861533548601 -20.307191352284775 0.0 0.0 0.0
672 -15.215338337196618 6.28402538860947 -20.924863218396133 0.0 0.0 0.0
673 -15.833913221684929 6.524715388181686 -20.17691038807447 0.0 0.0 0.0
674 -15.193358180425204 7.281555483321431 -20.30684232989636 0.0 0.0 0.0
675 -14.643448773125844 7.462484891421992 -21.122234378574806 0.0 0.0 0.0
676 -13.943376183793287 7.980195531286124 -21.61404131532608 0.0 0.0 0.0
677 -13.954201854589888 8.92169305125236 -21.950887310922326 0.0 0.0 0.0
678 -13.55582813240496 9.7746565926195 -22.28815808429432 0.0 0.0 0.0
679 -14.376806335901207 9.950906086354589 -21.74508267024744 0.0 0.0 0.0
680 -13.71113951657858 9.219554604735487 -21.59671590851681 0.0 0.0 0.0
681 -12.812852522198295 9.037161666128636 -21.19694936205053 0.0 0.0 0.0
682 -12.855614843224679 8.051074031351698 -21.036317607903168 0.0 0.0 0.0
683 -12.120107734063248 7.385681243729827 -20.908717723288078 0.0 0.0 0.0
684 -11.596893486203054 6.544336598709188 -20.773122593835797 0.0 0.0 0.0
685 -11.517450222233302 5.688002100930724 -20.26284816205979 0.0 0.0 0.0
686 -11.582583430383865 5.211586209092371 -19.386043985974915 0.0 0.0 0.0
687 -10.849454878818447 5.308731478302875 -20.05916011529407 0.0 0.0 0.0
688 -11.035583028942792 5.110938938758926 -19.096749380195988 0.0 0.0 0.0
689 -11.593489362243696 4.553750138099336 -18.48170372036067 0.0 0.0 0.0
690 -12.491306761703685 4.114058845777981 -18.50610627522032 0.0 0.0 0.0
691 -12.357087640303277 3.969432620516998 -19.48644727834997 0.0 0.0 0.0
692 -12.559935328678554 3.9069853371744063 -20.463664322882007 0.0 0.0 0.0
789 -12.426396204966744 3.8165111266823484 -19.476759200960903 0.0 0.0 0.0
790 -13.412181447305509 3.659538521850019 -19.536651248172962 0.0 0.0 0.0
791 -13.711183966588074 3.765407167591631 -20.48501263673299 0.0 0.0 0.0
792 -13.377554502828955 2.8990791449551128 -20.85672104140861 0.0 0.0 0.0
793 -12.959879659629628 2.997663453477751 -21.759953491817427 0.0 0.0 0.0
794 -12.75754652462084 2.0909439456852796 -22.12998191865256 0.0 0.0 0.0
795 -12.834931604052924 2.3374109783991543 -21.163925216762603 0.0 0.0 0.0
796 -12.049864887934751 2.4040965996668424 -21.779736291004987 0.0 0.0 0.0
797 -11.775941679529614 2.8386079780801765 -22.637737420331966 0.0 0.0 0.0
798 -11.97581670832181 2.533243952743181 -21.70671497973491 0.0 0.0 0.0
799 -11.743235099123078 2.90721131359092 -22.604520196963623 0.0 0.0 0.0
800 -11.215986852160974 3.494991169088471 -23.218135815691387 0.0 0.0 0.0
801 -11.127198924776998 4.134783127378467 -23.981538038676295 0.0 0.0 0.0
802 -11.84617121792096 4.522966417793954 -23.405003065987287 0.0 0.0 0.0
803 -12.40582475067821 4.491070103634904 -22.57689042364001 0.0 0.0 0.0
804 -13.11065215054558 4.986280685468087 -22.068968366591257 0.0 0.0 0.0
805 -12.848536696855811 5.813960373767869 -21.572740775144574 0.0 0.0 0.0
806 -12.357318548897405 6.073590149114725 -20.74129798645154 0.0 0.0 0.0
807 -12.841637507833935 5.986472004637763 -19.870754722209305 0.0 0.0 0.0
808 -12.529542457674387 6.770881687327108 -20.406756708557403 0.0 0.0 0.0
809 -12.916392476632785 6.565091461474455 -19.507869927157547 0.0 0.0 0.0
810 -13.154718973960106 6.340829279201529 -18.562932387277865 0.0 0.0 0.0
811 -13.523563617987378 5.9657299710377885 -17.712488892630823 0.0 0.0 0.0
812 -13.670169797139636 5.428506520204742 -16.881888150932742 0.0 0.0 0.0
813 -13.804922067630223 5.384756512836141 -15.891975143414976 0.0 0.0 0.0
814 -14.27048631701256 6.264505748917331 -15.98836607302777 0.0 0.0 0.0
815 -15.117674220764577 6.108257618616026 -15.480567709980386 0.0 0.0 0.0
816 -15.127983778045607 5.967380347794748 -14.490594322664037 0.0 0.0 0.0
817 -16.108102263505295 5.828406208047905 -14.348982377751808 0.0 0.0 0.0
818 -15.77317462798543 5.560240559114312 -13.445704644329197 0.0 0.0 0.0
819 -15.760902436381988 4.983210954914424 -12.629073620432749 0.0 0.0 0.0
820 -15.395649879079404 4.338886791031786 -11.957183048076763 0.0 0.0 0.0
821 -15.618119250255587 3.804258698378001 -11.141903843488642 0.0 0.0 0.0
822 -14.844529020836683 3.292502558099624 -11.515620059132246 0.0 0.0 0.0
823 -14.158193306976218 3.8579113054069527 -11.973065396137656 0.0 0.0 0.0
824 -13.258439996946088 4.083849021013013 -11.599707485070372 0.0 0.0 0.0
825 -12.715552140545233 4.61977530117552 -10.953135139850092 0.0 0.0 0.0
826 -12.271078579611919 5.491116648138913 -10.745270975783088 0.0 0.0 0.0
827 -11.357101531190565 5.1088340336483755 -10.88130757974415 0.0 0.0 0.0
828 -12.293749362560032 5.011401318521391 -11.217756247469035 0.0 0.0 0.0
829 -11.495045293993972 5.465907067022309 -10.823426010946855 0.0 0.0 0.0
830 -12.3365256454471 5.9980707442822965 -10.916767527558934 0.0 0.0 0.0
831 -13.225650629964138 5.884468665999747 -11.360108626169755 0.0 0.0 0.0
832 -14.00851738090199 6.256885370587108 -10.861685664800302 0.0 0.0 0.0
833 -13.99158550243148 7.1348320844087905 -10.38322680640058 0.0 0.0 0.0
834 -13.398592489587708 6.922156637789362 -11.159840250221695 0.0 0.0 0.0
835 -14.057336913210953 7.528910215789536 -10.714974113131829 0.0 0.0 0.0
