0 0.0 0.0 0.0 0.0 0.0 0.0
0 0.0 0.0 0.0 0.0 0.0 0.0
1 -0.9998164173906849 -0.006134224203565709 0.01815221224744378 0.0 0.0 0.0
2 -1.0267348766926563 0.34883830666248905 -0.916336898914027 0.0 0.0 0.0
3 -0.026735417234804104 0.34829267044345685 -0.9154518197534266 0.0 0.0 0.0
4 0.9732640422230482 0.34774703422445713 -0.9145667405929693 0.0 0.0 0.0
5 1.973263507065694 0.3472029510930302 -0.9136868042497929 0.0 0.0 0.0
6 1.4779080767848392 0.10049141366187411 -0.08076639089109461 0.0 0.0 0.0
7 1.8318379673241865 0.39249545581270273 -0.9692860991420614 0.0 0.0 0.0
8 2.831834901829896 0.39090371681453384 -0.9673894320268056 0.0 0.0 0.0
9 3.806941566890601 0.45314889570878775 -1.1802098480084817 0.0 0.0 0.0
10 3.397656323922995 0.6634202855526143 -2.068056418369653 0.0 0.0 0.0
11 4.397648960256638 0.6648169205318298 -2.06448196886976 0.0 0.0 0.0
12 5.397641596590126 0.6662135554858039 -2.0609075193166393 0.0 0.0 0.0
13 4.618443660427256 1.2211797528638493 -1.7695948075320738 0.0 0.0 0.0
14 3.6184514881561367 1.2196256973076327 -1.773233530909725 0.0 0.0 0.0
15 3.121488244382647 1.5562368755624811 -2.573058792458781 0.0 0.0 0.0
16 4.1214745376196165 1.557499712473667 -2.5679775936707654 0.0 0.0 0.0
17 4.54487038243622 1.3335112496083625 -1.6901592029456252 0.0 0.0 0.0
18 5.544852067796297 1.3339296114586368 -1.6841214949546566 0.0 0.0 0.0
19 6.544832540321809 1.3341938472343429 -1.677877718284218 0.0 0.0 0.0
20 6.586310095309015 1.6637148117367313 -2.6211144575950347 0.0 0.0 0.0
21 7.586279537711052 1.663496752300885 -2.613299938272443 0.0 0.0 0.0
22 6.586310229824349 1.6637211721124394 -2.6211314719879817 0.0 0.0 0.0
23 7.531863569167369 1.5693257111087333 -2.3096537369904984 0.0 0.0 0.0
24 6.747989570371602 1.385403087639621 -1.7165989144081553 0.0 0.0 0.0
25 7.0732839970551185 0.9305555168689513 -0.8875650047683465 0.0 0.0 0.0
26 7.862585026782045 1.1102106765933866 -1.4747003452618332 0.0 0.0 0.0
27 8.09845597598663 0.7311078837614519 -0.579912120155827 0.0 0.0 0.0
28 8.44625246370953 0.37066741747788406 0.28560522420701084 0.0 0.0 0.0
29 8.66230535854182 -0.0030391555993681263 1.1876387844881378 0.0 0.0 0.0
30 9.454608961353447 0.17435989341797836 0.603871212264862 0.0 0.0 0.0
31 10.24691256391305 0.3517589425764528 0.020103639742420243 0.0 0.0 0.0
32 9.454608961353554 0.17435989341791752 0.6038712122649896 0.0 0.0 0.0
33 10.246912563912904 0.35175894257646184 0.02010363974222651 0.0 0.0 0.0
34 10.326907825931356 0.7069776841662232 -0.9112504302429685 0.0 0.0 0.0
35 11.102261888931316 0.82250028933175 -1.53212127404643 0.0 0.0 0.0
36 11.895987791178904 0.9992156283827552 -2.114161548465085 0.0 0.0 0.0
37 12.788642735287967 1.104689960991021 -2.552387878023782 0.0 0.0 0.0
38 13.648121710585581 1.1524520969277081 -3.0613227160847343 0.0 0.0 0.0
39 13.115398177243183 0.8740654512926295 -2.262131554625074 0.0 0.0 0.0
40 13.622614597329962 0.5982036919262022 -1.4456563297017375 0.0 0.0 0.0
41 14.13341973097994 0.315016974292714 -0.6339400009311493 0.0 0.0 0.0
42 13.4972862508812 0.08293517040173562 0.10190796692646131 0.0 0.0 0.0
43 14.006636654842781 -0.20055147803605824 0.9144333426173881 0.0 0.0 0.0
44 14.515987059347589 -0.48403812648081734 1.7269587179653503 0.0 0.0 0.0
45 15.02533746385371 -0.7675247749252749 2.5394840933125953 0.0 0.0 0.0
46 15.534690840592996 -1.0510115842123042 3.352007549321434 0.0 0.0 0.0
47 15.025334439114456 -1.3344977489748113 4.164529334051591 0.0 0.0 0.0
48 15.534690839455225 -1.0510115841287688 3.3520075486373315 0.0 0.0 0.0
49 16.04404724021389 -0.7675254193747696 2.53948576345293 0.0 0.0 0.0
50 16.54849595377574 -1.0118351595929813 3.3676429020566534 0.0 0.0 0.0
51 17.058908642743695 -0.7287402495795866 2.555647730356103 0.0 0.0 0.0
52 17.67749867974418 -0.9423620636524215 3.311764180829158 0.0 0.0 0.0
53 16.76657468528434 -0.8854036377047302 2.9031406205308157 0.0 0.0 0.0
54 17.67749588975772 -0.9119193511565353 3.3148680500043803 0.0 0.0 0.0
55 17.19164255944734 -0.6816354563009718 2.471709779454616 0.0 0.0 0.0
56 16.858999779541943 -0.4396351222146782 1.5602359074873868 0.0 0.0 0.0
57 17.304059892704338 0.3024674017055819 1.0590320171762133 0.0 0.0 0.0
58 17.878478988547965 0.5748850180701447 0.2871308935700617 0.0 0.0 0.0
59 18.87638379071091 0.6388841976830877 0.2966235659544111 0.0 0.0 0.0
60 17.881413536672078 0.5706458698510901 0.36995653393331585 0.0 0.0 0.0
61 16.890527233896623 0.5676570223915922 0.2352887881184491 0.0 0.0 0.0
62 15.895258609864172 0.5006718017933303 0.30566880117580175 0.0 0.0 0.0
63 14.896444820081216 0.4540830374208263 0.29150898572314277 0.0 0.0 0.0
64 13.90106497244945 0.3875403855124599 0.36072628417928254 0.0 0.0 0.0
65 14.390628678995341 0.10863129853507775 1.186884318961062 0.0 0.0 0.0
66 13.400475236076506 0.02216304442699704 1.2969724677668204 0.0 0.0 0.0
67 12.40487416868716 -0.04417773585798812 1.3631345073694023 0.0 0.0 0.0
68 11.409272525153803 -0.11051438710747084 1.429292017107024 0.0 0.0 0.0
69 11.651611505382311 -0.453618980333625 2.3367891558181713 0.0 0.0 0.0
70 11.310866073118106 -0.20984427099257624 1.4287878113936348 0.0 0.0 0.0
71 12.30698894993323 -0.14493792947514905 1.3694044709993405 0.0 0.0 0.0
72 13.255170174290061 -0.2368876669695778 1.6735386709043931 0.0 0.0 0.0
73 13.534275760931916 -0.6040934678709322 2.5608153872052872 0.0 0.0 0.0
74 13.16175451265098 -0.263791923407108 1.69743668789962 0.0 0.0 0.0
75 12.72940339395805 0.0764243585439568 0.8623765752967241 0.0 0.0 0.0
76 11.7306688153157 0.028461911381654145 0.8472489487051613 0.0 0.0 0.0
77 11.741765467717876 0.4588935152793092 1.74980393244386 0.0 0.0 0.0
78 12.372597931576331 1.2337993059115633 1.789445049820535 0.0 0.0 0.0
79 11.375860102625241 1.174458624425412 1.8441477358480611 0.0 0.0 0.0
80 11.85521536738334 0.924517002687202 2.6854251668252402 0.0 0.0 0.0
81 12.852192658621336 0.982587680989555 2.633810468557676 0.0 0.0 0.0
82 11.855215367584027 0.9245170015941813 2.6854251694719267 0.0 0.0 0.0
83 12.19201777356611 0.6865519733777888 3.5964338328064995 0.0 0.0 0.0
84 11.194867883950325 0.6282980156553959 3.644377279166799 0.0 0.0 0.0
85 11.752589093648378 0.4378897562353769 4.452270679930521 0.0 0.0 0.0
86 12.252332712562199 0.22194840535495697 5.2910946473604294 0.0 0.0 0.0
87 11.733671463240686 0.5140151648342567 4.487547812098475 0.0 0.0 0.0
88 10.735945836854466 0.45781672094802367 4.524767556280678 0.0 0.0 0.0
89 9.739031079463327 0.4329818331198352 4.450308206012717 0.0 0.0 0.0
90 9.96369811071071 0.06975111151975144 5.354514027690703 0.0 0.0 0.0
91 10.399635149390205 -0.09511245870961138 6.239261958752752 0.0 0.0 0.0
92 10.75836263824466 -0.3746311253843219 7.129870685254218 0.0 0.0 0.0
93 10.695720173254145 -1.3294740780404446 6.839438494643655 0.0 0.0 0.0
94 10.36167585779062 -1.1646855066858364 5.911398020279844 0.0 0.0 0.0
95 9.891542726481633 -1.0914306705534556 5.031847812600476 0.0 0.0 0.0
96 10.83180472540613 -1.1584920792726114 4.698066236058099 0.0 0.0 0.0
97 10.568614956687668 -2.1128996569628336 4.557221210269448 0.0 0.0 0.0
98 11.02199060505685 -2.2082114293675263 5.443430095074208 0.0 0.0 0.0
99 10.024330442074746 -2.2662600020028956 5.479548821706225 0.0 0.0 0.0
100 9.026670279090869 -2.2082114293632156 5.443430095130143 0.0 0.0 0.0
101 8.029010116106024 -2.150162856728079 5.407311368573464 0.0 0.0 0.0
102 7.0298675510600885 -2.116027353492435 5.430740029061791 0.0 0.0 0.0
103 6.3986823088863485 -1.8082714729934248 4.7187768923192 0.0 0.0 0.0
104 6.770948046708877 -2.1268697858704106 5.590506974096455 0.0 0.0 0.0
105 6.9076216351988124 -2.7179177807208452 6.3854803057199465 0.0 0.0 0.0
106 7.428838300090813 -3.039204492083324 7.1761180466232855 0.0 0.0 0.0
107 6.852928422845022 -2.7583101815879987 6.408377074926395 0.0 0.0 0.0
108 7.274371662761718 -2.993798354318841 7.28412299471843 0.0 0.0 0.0
109 7.343765037501819 -2.86578767762755 8.27346511259031 0.0 0.0 0.0
110 7.067005367124442 -2.5404707702103866 7.369267681383426 0.0 0.0 0.0
111 6.6251746823518625 -2.507912753031866 6.472760223795486 0.0 0.0 0.0
112 6.684948124502381 -2.1273201004144413 5.549951268275926 0.0 0.0 0.0
113 6.910022369903158 -2.4597565620107797 6.465826578052627 0.0 0.0 0.0
114 7.2283197577248295 -3.112560037149747 7.153237951069089 0.0 0.0 0.0
115 7.393090953786522 -2.5029288651776587 7.928609015210859 0.0 0.0 0.0
116 7.6687936778996155 -3.094834779028504 8.685996232600354 0.0 0.0 0.0
117 7.867408915589668 -3.452090385793798 9.59864097114437 0.0 0.0 0.0
118 8.651879332321847 -2.838781223213457 9.506673387904183 0.0 0.0 0.0
119 9.347492169264715 -3.108117917826798 10.172691800573867 0.0 0.0 0.0
120 8.907592172603193 -2.6811148588170868 9.382656117497762 0.0 0.0 0.0
121 8.416855364846443 -3.084809758385469 10.154801060869913 0.0 0.0 0.0
122 8.541402791021977 -3.6576397869293333 10.964957648840086 0.0 0.0 0.0
123 8.785516890155726 -4.035566053634532 11.858031018467898 0.0 0.0 0.0
124 9.406515883452492 -4.248839521070052 12.612268831370715 0.0 0.0 0.0
125 9.27226103832777 -3.8674404590435842 11.697659410882464 0.0 0.0 0.0
126 9.094779547925805 -3.386911246435745 10.838827648314746 0.0 0.0 0.0
127 9.523498048213947 -3.6413798366631944 11.705687604765805 0.0 0.0 0.0
128 8.552650006770506 -3.8297732873286106 11.853883381263701 0.0 0.0 0.0
129 8.637219725394969 -2.833394543280058 11.86267889716698 0.0 0.0 0.0
130 9.336013766153027 -2.564973428373823 11.199627621869578 0.0 0.0 0.0
131 9.52984922017427 -1.6962939890155777 10.743750611700598 0.0 0.0 0.0
132 9.18691446274312 -2.5929431871211093 10.46372209943384 0.0 0.0 0.0
133 8.951697900985508 -3.5648775470412235 10.467817106343404 0.0 0.0 0.0
134 9.33633353863923 -2.6974087507680578 10.78333780889569 0.0 0.0 0.0
135 8.369532962052675 -2.4912670944058872 10.934341989712534 0.0 0.0 0.0
136 8.355994084701926 -3.447434575947229 11.22684916234759 0.0 0.0 0.0
137 8.176813818313377 -3.442040020355127 10.243047693093299 0.0 0.0 0.0
138 7.874549008873447 -2.716115321961948 9.625253781471466 0.0 0.0 0.0
139 8.168930187333226 -3.344532582139613 10.345275634528317 0.0 0.0 0.0
140 8.096926238729235 -3.902320291523233 9.518421171732104 0.0 0.0 0.0
141 8.41961830288713 -4.793170114810354 9.83819675566372 0.0 0.0 0.0
142 8.592117399452485 -5.621903753496747 10.370591926372219 0.0 0.0 0.0
143 8.90367392697407 -4.732834679176902 10.705985294295223 0.0 0.0 0.0
144 9.178694032609615 -5.625480898811479 11.063122058110283 0.0 0.0 0.0
145 8.9671493403163 -4.775176770746086 10.58121778031493 0.0 0.0 0.0
146 9.158546728007561 -5.678444593500309 10.965241582131675 0.0 0.0 0.0
147 9.419510343089673 -6.503400927659952 11.46658481618709 0.0 0.0 0.0
148 9.287247334501926 -7.473095896655984 11.261162899968085 0.0 0.0 0.0
149 8.94163008304426 -6.728995139345621 10.689443756974798 0.0 0.0 0.0
150 9.22497425508047 -7.455667401372371 11.31527400853989 0.0 0.0 0.0
151 8.86955773108244 -6.708466418689218 11.876851951435164 0.0 0.0 0.0
152 9.042986620521235 -7.509289148440799 12.450093066343399 0.0 0.0 0.0
153 8.77304283805047 -6.759223349930572 11.846328499471031 0.0 0.0 0.0
154 9.1650156482345 -7.4462752013661415 12.458143070656925 0.0 0.0 0.0
155 9.009665742700589 -6.651338498722704 11.871677346474371 0.0 0.0 0.0
156 8.9635636785371 -5.6586357947141135 11.760250504403535 0.0 0.0 0.0
157 7.97084143916721 -5.759104218804406 11.826648179221628 0.0 0.0 0.0
158 8.110239163170961 -6.702371271498459 12.128004350295708 0.0 0.0 0.0
159 7.906655134854518 -5.7594849783517335 11.864339825547956 0.0 0.0 0.0
160 8.136144664784977 -6.579493139351652 12.388669084264091 0.0 0.0 0.0
161 7.984708672741051 -5.691017193563422 11.955451316773694 0.0 0.0 0.0
162 7.495625596597442 -4.981454045291992 11.44818621522912 0.0 0.0 0.0
163 7.540488436135741 -5.58433309562438 12.244756473460539 0.0 0.0 0.0
164 7.863983471237277 -6.412540655684722 12.702384269517044 0.0 0.0 0.0
165 7.5086461912649956 -5.665682971999435 12.14029974048059 0.0 0.0 0.0
166 7.51693676533652 -4.842094050599689 11.57317316296094 0.0 0.0 0.0
167 7.803187240241687 -5.344868209839992 12.38881941619623 0.0 0.0 0.0
168 7.894024331383238 -6.111180323186579 13.02483385613546 0.0 0.0 0.0
169 7.709528828897052 -5.5602320314232365 12.210943575221984 0.0 0.0 0.0
170 7.560927125881045 -4.8031781263885325 11.574714906634632 0.0 0.0 0.0
171 7.868034914860517 -5.6555555216530395 11.997961385639735 0.0 0.0 0.0
172 7.926610909359332 -6.311569992342569 11.245489547552479 0.0 0.0 0.0
173 7.950465323998953 -5.725466488592097 12.055374508391749 0.0 0.0 0.0
174 7.591253518121051 -5.281770341978547 11.234338207124736 0.0 0.0 0.0
175 7.533717550969591 -4.501419153566022 10.611649171387722 0.0 0.0 0.0
176 7.538562311952212 -5.424674224589437 10.995806173303023 0.0 0.0 0.0
177 7.856181036256954 -5.092794654584261 11.884048424597236 0.0 0.0 0.0
178 7.927032537870395 -5.825614570292657 12.560772176109069 0.0 0.0 0.0
179 7.99622036490982 -6.721971155808225 12.998673895896077 0.0 0.0 0.0
180 7.5830022841259925 -5.966672299768409 12.489975109011084 0.0 0.0 0.0
181 7.5795157401877296 -5.066366652564345 12.054730826310184 0.0 0.0 0.0
182 7.644578541369207 -5.113796066486055 11.057977455311384 0.0 0.0 0.0
183 7.61753839793254 -4.6636684449931005 11.950532190334412 0.0 0.0 0.0
184 7.608804186149501 -3.865941040876881 11.347577215011617 0.0 0.0 0.0
185 7.270731326428964 -3.0723083436371312 10.841757204145772 0.0 0.0 0.0
186 6.9540081900048065 -2.2872016912103224 10.309503506019773 0.0 0.0 0.0
187 7.052628806212918 -3.176630860440107 10.755810269336141 0.0 0.0 0.0
188 7.927868476796358 -3.0025284140482156 11.207079432028817 0.0 0.0 0.0
189 8.183128241895608 -3.83247129720048 11.703100866068082 0.0 0.0 0.0
190 8.155356146110263 -4.670095233835486 12.248641745811987 0.0 0.0 0.0
191 7.546790056521372 -5.420723222370766 12.505944947171704 0.0 0.0 0.0
192 8.059112735016061 -4.752380941821695 13.045244556971753 0.0 0.0 0.0
193 7.455867480122737 -5.443197248362545 12.646662077344338 0.0 0.0 0.0
194 7.698212477848373 -5.119639264959874 11.732015077975861 0.0 0.0 0.0
195 8.475467227175875 -4.604215485175328 12.09286599162366 0.0 0.0 0.0
196 8.958411017322508 -3.728597931243249 12.100559807633543 0.0 0.0 0.0
197 8.380650381716336 -4.542117648509916 12.034390951195611 0.0 0.0 0.0
198 8.915245642028804 -3.698642838522639 12.086909067768461 0.0 0.0 0.0
199 8.440182648266095 -4.223228833344157 11.380421498171991 0.0 0.0 0.0
200 8.998055589956255 -4.274011999240241 10.552050294549156 0.0 0.0 0.0
201 8.502220617955293 -5.138306563888458 10.636564116260999 0.0 0.0 0.0
202 8.012646059041213 -5.7965493091516525 11.208432317486116 0.0 0.0 0.0
203 8.17258894198652 -6.1128192639772365 12.143521398734404 0.0 0.0 0.0
204 7.642727477755008 -6.894248175278707 11.813952460112109 0.0 0.0 0.0
205 7.815534567873874 -6.215747245671627 12.52793719253079 0.0 0.0 0.0
206 7.292030176583554 -5.9673790064101695 13.34295643771824 0.0 0.0 0.0
207 6.9818836092673 -6.768756563434773 12.831484915657416 0.0 0.0 0.0
208 7.416701751996406 -5.979448854218313 13.264989844032016 0.0 0.0 0.0
209 6.83059734174507 -6.694496990891516 12.88395469798364 0.0 0.0 0.0
210 7.286842008115595 -5.863822882580256 13.203049245398242 0.0 0.0 0.0
211 7.66101341791163 -5.16049745870073 13.80747385129705 0.0 0.0 0.0
212 7.513501800917311 -5.739691389695262 13.005741531160945 0.0 0.0 0.0
213 7.821427530119052 -5.0775241312938855 13.688907885131028 0.0 0.0 0.0
214 8.274096034748222 -4.204261388857823 13.869194899610237 0.0 0.0 0.0
215 8.780848971045625 -3.464171322971672 14.311312707361278 0.0 0.0 0.0
216 8.42697611576606 -2.610249520355887 13.929748089879933 0.0 0.0 0.0
217 8.180413163483857 -3.3251606146038184 13.275447824036258 0.0 0.0 0.0
218 7.633988075523477 -3.8924853538811615 12.659361577272557 0.0 0.0 0.0
219 8.22865495174796 -3.2167666867287705 13.094993978711209 0.0 0.0 0.0
220 8.750428796004766 -2.4496058757887713 13.468111045604894 0.0 0.0 0.0
221 9.268473486326043 -1.6975337959644146 13.875563233693988 0.0 0.0 0.0
222 9.789596134076502 -1.019910505028051 14.394463861543018 0.0 0.0 0.0
223 10.25808030263736 -0.2406808789871272 14.810785580539223 0.0 0.0 0.0
224 9.7406068234189 -1.006365424588679 14.428753677509542 0.0 0.0 0.0
225 9.266212529741331 -1.6994589783131273 13.88600937315272 0.0 0.0 0.0
226 9.804244901857 -0.8981813714191842 14.147687349386663 0.0 0.0 0.0
227 10.370118375390916 -0.11329145649019434 14.400145332808485 0.0 0.0 0.0
228 10.863990846598963 0.6909276412730087 14.730783541392709 0.0 0.0 0.0
229 10.30084485192349 -0.13476374600683416 14.763954638040968 0.0 0.0 0.0
230 10.813629928556622 0.5633595410054895 15.263629873882662 0.0 0.0 0.0
231 11.276355002044477 1.2759071015342887 15.791040037180744 0.0 0.0 0.0
232 11.841133105446534 2.0549224248376623 16.063364879925775 0.0 0.0 0.0
233 11.437241996247046 1.19948866477971 15.739165783593435 0.0 0.0 0.0
234 11.978749878918068 1.925671736443775 16.162754451328635 0.0 0.0 0.0
235 11.449749129439144 1.1537244162828832 15.810255455660359 0.0 0.0 0.0
236 12.040200259082155 1.8459129894010107 16.225276470487287 0.0 0.0 0.0
237 12.44684879823972 2.5929667133972814 16.75115449728087 0.0 0.0 0.0
238 12.79120152701364 3.3617703575297497 17.290007125514766 0.0 0.0 0.0
239 12.111826088646591 2.762452945406079 16.86660701537194 0.0 0.0 0.0
240 11.705604069030274 1.853205189558056 16.775765454045892 0.0 0.0 0.0
241 12.210638440780217 2.663798365229992 17.07220935583038 0.0 0.0 0.0
242 13.095413792727037 2.7520788070427527 17.529789010295843 0.0 0.0 0.0
243 12.97141635698401 3.7186321955390342 17.754286634148503 0.0 0.0 0.0
244 12.467357951150419 2.900080178727376 17.478791227141325 0.0 0.0 0.0
245 12.859115473625307 3.535137973011076 18.14454466611393 0.0 0.0 0.0
246 13.300646798165571 4.208959645099814 18.737009385462894 0.0 0.0 0.0
247 13.760999066410866 4.93151014341639 19.25275793514953 0.0 0.0 0.0
248 14.233487233276303 5.601133540504199 19.825784494956935 0.0 0.0 0.0
249 13.91641991098913 5.051452243374772 20.59864850933705 0.0 0.0 0.0
250 14.478719570197272 5.752961246686292 21.03648890437533 0.0 0.0 0.0
251 15.05699283138747 6.561050854539264 20.924278294037144 0.0 0.0 0.0
252 15.543815077766695 7.244307712280634 21.46848796574435 0.0 0.0 0.0
253 16.031570217821393 6.921511820313011 22.279596919880014 0.0 0.0 0.0
254 16.172402825309437 7.251526206835972 23.213008234015426 0.0 0.0 0.0
255 15.58230616069086 7.7861431110119605 22.608053118180123 0.0 0.0 0.0
256 14.796007865988853 8.382565904732479 22.446761943966187 0.0 0.0 0.0
257 14.324878581923054 9.034654008103896 21.852776840502212 0.0 0.0 0.0
258 14.9310295269177 8.576506207611244 22.502916536864337 0.0 0.0 0.0
259 15.660980558739691 8.019068589934005 22.898434922707928 0.0 0.0 0.0
260 16.307531123889596 7.49779014351026 23.455427874187905 0.0 0.0 0.0
261 16.4739038933554 7.166307142383349 22.526751869574788 0.0 0.0 0.0
262 15.806635394942068 6.874322168761542 23.21195076493604 0.0 0.0 0.0
263 16.148104544608877 7.299486323525323 24.050183585416022 0.0 0.0 0.0
264 16.090466201922887 6.912101376477572 23.1300690684926 0.0 0.0 0.0
265 16.82763348799854 7.5235082997758385 22.842378320496092 0.0 0.0 0.0
266 17.53988097281191 7.971064653033691 22.301641017329807 0.0 0.0 0.0
267 16.772415709203056 7.420122350494981 22.62945140219752 0.0 0.0 0.0
268 17.334435518436546 6.861266259857896 22.019686198215705 0.0 0.0 0.0
269 16.9073054795581 5.957536402683602 21.99083701903477 0.0 0.0 0.0
270 16.857165078422067 4.998977228145564 22.271283536365374 0.0 0.0 0.0
271 17.006017403535292 5.909679384421539 21.88597253488388 0.0 0.0 0.0
272 16.558826678390556 5.018214083564322 21.813102289158603 0.0 0.0 0.0
273 16.71408206471358 4.072183718208314 22.09757076340849 0.0 0.0 0.0
274 17.035613940933676 5.017060275343744 22.035719778369714 0.0 0.0 0.0
275 16.649244461896 4.097560405403826 22.108098054451794 0.0 0.0 0.0
276 17.07102643856421 5.0006158410019195 22.026914038817058 0.0 0.0 0.0
277 17.85422916157956 4.698904580101278 22.57057184452492 0.0 0.0 0.0
278 17.49797631250715 5.626272616861604 22.456237108232422 0.0 0.0 0.0
279 17.150120801029875 6.332099767513042 21.839143455260558 0.0 0.0 0.0
280 17.631556746682623 6.7158834716012175 22.627134253880566 0.0 0.0 0.0
281 18.23587150778946 5.955150495258635 22.863965434710572 0.0 0.0 0.0
282 18.174312294966597 5.062719017348913 22.417001766665308 0.0 0.0 0.0
283 17.84660379234349 4.930235771327661 23.352445686327076 0.0 0.0 0.0
284 17.586742541705142 4.362844905878193 24.133816108227702 0.0 0.0 0.0
285 17.504516473337855 3.4924310855885468 24.619221768608416 0.0 0.0 0.0
286 17.671867094129386 4.304913821059449 24.060772510141362 0.0 0.0 0.0
287 17.533410675402585 3.5301534064859723 24.677681028580906 0.0 0.0 0.0
288 17.428286813510574 2.6638434802284 25.16600068344696 0.0 0.0 0.0
289 17.336665225018507 1.7987098204155463 25.659102331366537 0.0 0.0 0.0
290 17.746373774244148 1.2181552383847716 24.955472256700535 0.0 0.0 0.0
291 18.046508348459476 0.2829574411932143 25.143419902306025 0.0 0.0 0.0
292 18.156138604091566 -0.6775284690099388 25.399248015208546 0.0 0.0 0.0
293 18.377547825711073 -0.6422069652161908 26.373789111289977 0.0 0.0 0.0
294 17.47870797996188 -0.4491454633440094 25.98032476959125 0.0 0.0 0.0
295 16.77006510388987 -0.06119438760242624 25.390986804563262 0.0 0.0 0.0
296 16.036457715549783 0.09908246880126553 24.730584253785192 0.0 0.0 0.0
297 16.32118923447997 -0.4974148305734462 23.9801717445835 0.0 0.0 0.0
298 17.192444344744747 -0.6559562837362278 24.44469207833277 0.0 0.0 0.0
299 16.429885816325836 -0.5321751753849172 23.80972536428321 0.0 0.0 0.0
300 15.522178074954804 -0.34783008502221835 24.186665072876316 0.0 0.0 0.0
301 16.25600946686514 -0.379757218149965 24.865246052875886 0.0 0.0 0.0
302 15.491382733146551 -0.3057801159243624 24.22503253659469 0.0 0.0 0.0
303 15.991636541957048 -0.4465574597081784 23.37067437619136 0.0 0.0 0.0
304 15.16274386164258 -0.31412559920810085 22.82716841776443 0.0 0.0 0.0
305 14.390571472449427 -0.4740295097657396 22.21220456455344 0.0 0.0 0.0
306 13.624956802210722 -0.38507004494466923 21.575085744917715 0.0 0.0 0.0
307 12.861726446137036 -0.38123407711928603 20.928970655387626 0.0 0.0 0.0
308 12.116263493926345 -0.41725869138202376 20.263397808849746 0.0 0.0 0.0
309 11.369745704747903 -0.30142406285923296 19.608192856735442 0.0 0.0 0.0
310 10.601717432220717 -0.1418549361550618 18.987974938256972 0.0 0.0 0.0
311 9.843115450925875 -0.08206144096217113 18.339170058568055 0.0 0.0 0.0
312 10.625966030427326 0.060037928623649955 18.94493630006518 0.0 0.0 0.0
313 10.594400302533348 0.5227949237668293 19.830859303643134 0.0 0.0 0.0
314 10.498559007919603 -0.35736801488698433 20.295754611929873 0.0 0.0 0.0
315 10.910497034881748 0.4725192489027664 19.91946457573162 0.0 0.0 0.0
316 9.981452951329201 0.3166667270296457 20.255004561786638 0.0 0.0 0.0
317 9.442695084612096 -0.3176293926495235 20.809448782254645 0.0 0.0 0.0
318 9.123610155291818 -1.0119042521204475 21.454559026621677 0.0 0.0 0.0
319 8.817702051057902 -1.7369347937745143 22.071609223471828 0.0 0.0 0.0
320 8.443510209649594 -2.3673033421303376 22.751767998367235 0.0 0.0 0.0
321 8.296074851395899 -3.0456207567153686 23.471593185622634 0.0 0.0 0.0
322 8.62088056047259 -2.302679214181918 22.88632477221799 0.0 0.0 0.0
323 8.29790366545876 -2.9877726138867766 23.539266545248367 0.0 0.0 0.0
324 7.919093334510706 -3.62405960845903 24.21130939634138 0.0 0.0 0.0
325 8.538919206979937 -3.6921617704601934 23.429530665914076 0.0 0.0 0.0
326 7.573912900302658 -3.556827710287175 23.65413592014952 0.0 0.0 0.0
327 7.8249855357559825 -2.9261227623388555 22.919851370155435 0.0 0.0 0.0
328 7.727500004946438 -3.72041440068082 23.519515746738534 0.0 0.0 0.0
329 7.288829055792923 -4.435433799346681 24.06386403405122 0.0 0.0 0.0
330 7.444923748087367 -3.5888925756146612 23.554941246626864 0.0 0.0 0.0
331 8.340142868875553 -4.029188653932726 23.62365870578355 0.0 0.0 0.0
332 7.9137732985471425 -4.743991580723078 24.17797428859708 0.0 0.0 0.0
333 7.846215791495113 -4.981129973724491 23.208850268770092 0.0 0.0 0.0
334 7.560694636617409 -4.179746546448977 22.683243692892813 0.0 0.0 0.0
335 8.530194221985253 -3.947899613589654 22.76272673319265 0.0 0.0 0.0
336 8.728845873762458 -4.65050511676554 23.446015126298473 0.0 0.0 0.0
337 9.096304441022001 -5.316391043241344 24.095299450973737 0.0 0.0 0.0
338 9.634317821794173 -5.865476633150876 24.734866974432986 0.0 0.0 0.0
339 10.060334056977844 -6.479299108200743 25.399496297050927 0.0 0.0 0.0
340 10.722387037627726 -5.824066389248567 25.035688745140405 0.0 0.0 0.0
341 9.814990112088148 -6.235789049692328 24.95133668293425 0.0 0.0 0.0
342 10.681573397037711 -5.742234983018474 24.877595286719398 0.0 0.0 0.0
343 11.130079445830772 -6.596765551717196 25.139549159291388 0.0 0.0 0.0
344 11.50200724700578 -7.3431183447131545 25.69147960699313 0.0 0.0 0.0
345 11.45551287965357 -8.046119052101051 26.401147331506944 0.0 0.0 0.0
346 12.041769093015557 -8.36167077855049 27.14729125879527 0.0 0.0 0.0
