0 0.0 0.0 0.0 0.0 0.0 0.0
1 -0.6267390561132549 0.19473398281768595 -0.7545043614706463 0.0 0.0 0.0
2 -0.6531632855626737 0.5497117792125403 -1.689005578251372 0.0 0.0 0.0
3 -0.19558441405778304 0.7657577691653302 -2.5515284513264165 0.0 0.0 0.0
4 0.8044144280636425 0.765091377714179 -2.550160358405132 0.0 0.0 0.0
5 1.3059563102646568 1.0588518352400087 -3.363892829179451 0.0 0.0 0.0
6 0.8090926198584609 0.8126037080240721 -2.5317339903760776 0.0 0.0 0.0
7 1.8090885745013447 0.8110975511810433 -2.5293210690282697 0.0 0.0 0.0
8 2.8090845308987196 0.8095916973059912 -2.526908685765551 0.0 0.0 0.0
9 3.784086623204484 0.8717902592962794 -2.740221270686652 0.0 0.0 0.0
10 3.374361498163816 1.0822536582966182 -3.627819422775554 0.0 0.0 0.0
11 3.688839587955642 0.8229324530862236 -2.714662238294638 0.0 0.0 0.0
12 4.688828658401712 0.8238875949924152 -2.7100854826374885 0.0 0.0 0.0
13 3.909583901287826 1.3791566186457356 -2.4194759165843216 0.0 0.0 0.0
14 2.9095952935339175 1.3780428811689134 -2.4241174627958477 0.0 0.0 0.0
15 3.9095839012887668 1.379156618701996 -2.4194759168003968 0.0 0.0 0.0
16 4.909572439986501 1.3802638945443895 -2.4148179759054793 0.0 0.0 0.0
17 5.333305534005543 1.1559539970412385 -1.5372444263296177 0.0 0.0 0.0
18 5.334714966742716 0.9434827640416882 -0.5600781208078753 0.0 0.0 0.0
19 6.334684562989885 0.9435094089734088 -0.552280308850486 0.0 0.0 0.0
20 6.377705581040634 1.273252076025118 -1.4953704241265946 0.0 0.0 0.0
21 7.377661591220555 1.272796470318652 -1.4860018528110668 0.0 0.0 0.0
22 6.377705743496253 1.2732584405351668 -1.4953874367295963 0.0 0.0 0.0
23 7.322751602218042 1.178563901607877 -1.1824636932869725 0.0 0.0 0.0
24 6.531390732297043 0.9991634735685353 -0.5980293856208496 0.0 0.0 0.0
25 6.851937821433879 0.5437211412947875 0.23252575741238168 0.0 0.0 0.0
26 7.644357013391217 0.7221436109870909 -0.3507728338139111 0.0 0.0 0.0
27 7.875286662375698 0.3425887132882273 0.5451119672920742 0.0 0.0 0.0
28 8.66870821075529 0.5207088652710102 -0.036915057874765345 0.0 0.0 0.0
29 8.881305140682752 0.14650309170753373 0.8657324837588327 0.0 0.0 0.0
30 9.675722217863923 0.3225243093764425 0.2844253029901106 0.0 0.0 0.0
31 10.470139294794249 0.4985455271869708 -0.29688187807853494 0.0 0.0 0.0
32 9.675722217864031 0.3225243093763815 0.2844253029902385 0.0 0.0 0.0
33 10.470139294794105 0.4985455271869802 -0.29688187807872923 0.0 0.0 0.0
34 10.553645426982362 0.8537219612436898 -1.2279438666582858 0.0 0.0 0.0
35 11.33111457878543 0.9679027335080769 -1.8464133236565488 0.0 0.0 0.0
36 12.126947351053726 1.1432379753966904 -2.425988816181569 0.0 0.0 0.0
37 13.021136495229205 1.2471359852633794 -2.8614552075190214 0.0 0.0 0.0
38 13.878960842560293 1.2964644598435444 -3.3730254282332344 0.0 0.0 0.0
39 14.785399070396204 1.2901405329425584 -3.795316497362385 0.0 0.0 0.0
40 14.15768350595269 1.1011151208652445 -3.040172429157938 0.0 0.0 0.0
41 14.67078276491133 0.8185369014597762 -2.2296918924553415 0.0 0.0 0.0
42 14.036715734336294 0.5862405419514977 -1.4921300970124387 0.0 0.0 0.0
43 13.503932298132156 0.34913521910601747 -0.679773724485669 0.0 0.0 0.0
44 14.013041739254612 0.06522523549324777 0.13275485849770963 0.0 0.0 0.0
45 14.52215118037838 -0.21868474811922212 0.9452834414803708 0.0 0.0 0.0
46 14.078627383778217 0.07583669614827904 0.0987943625691533 0.0 0.0 0.0
47 13.570999855859892 0.35997996583036707 -0.7145794107933158 0.0 0.0 0.0
48 14.078627382644548 0.0758366960723747 0.09879436325016189 0.0 0.0 0.0
49 13.570999855446093 0.3599799657397896 -0.7145794105667059 0.0 0.0 0.0
50 14.077132877056739 0.6032358915310619 -1.5420187853868246 0.0 0.0 0.0
51 14.583702027367142 0.31891711358361535 -0.7280467167872516 0.0 0.0 0.0
52 15.205719191612548 0.530617866818982 -1.481888502882771 0.0 0.0 0.0
53 14.291824141122179 0.47717551116183976 -1.0794711184284937 0.0 0.0 0.0
54 15.206669034721273 0.5015751584162544 -1.4825387031702135 0.0 0.0 0.0
55 14.709042769446807 0.27303141274247555 -0.6457974908336948 0.0 0.0 0.0
56 15.208694838315603 -0.012156722466205694 0.1721362091758647 0.0 0.0 0.0
57 15.636951837375527 -0.7574933606984673 0.6830855593709916 0.0 0.0 0.0
58 15.108931897383297 -0.8988741747019311 1.5204662424550475 0.0 0.0 0.0
59 16.10631718755912 -0.9699533435873804 1.5335174757851113 0.0 0.0 0.0
60 16.665827688778766 -1.1558179624353173 2.341231746109373 0.0 0.0 0.0
61 17.391660919297657 -1.3076252988222503 3.0121420635837883 0.0 0.0 0.0
62 17.948538199326084 -1.4942045725969895 3.8215096374251383 0.0 0.0 0.0
63 18.575325575872213 -1.6628483228528534 4.582230920223288 0.0 0.0 0.0
64 19.131173866338862 -1.849672744270302 5.39224901480349 0.0 0.0 0.0
65 18.145230104634788 -1.8563624062849724 5.55919255968903 0.0 0.0 0.0
66 18.655696651540563 -2.043632319103201 6.398450496346855 0.0 0.0 0.0
67 19.209002248510295 -2.230422004944773 7.210215566810702 0.0 0.0 0.0
68 19.762312282369372 -2.4172134811650263 8.021977201061995 0.0 0.0 0.0
69 18.853520749254635 -2.4549487144642166 8.437517814608759 0.0 0.0 0.0
70 19.80438442292293 -2.353013886531061 8.145169452286904 0.0 0.0 0.0
71 19.25688477160722 -2.1655722407513376 7.32962683461658 0.0 0.0 0.0
72 18.427210300116286 -2.006737547128011 6.794452272947374 0.0 0.0 0.0
73 18.972922997514328 -2.194447867175054 7.611129986397663 0.0 0.0 0.0
74 19.934487269783165 -2.207172629253674 7.336845041994685 0.0 0.0 0.0
75 20.911691117560594 -2.2468746012124563 7.128287152401464 0.0 0.0 0.0
76 21.50424290879232 -2.4216741933355146 7.9146251696063326 0.0 0.0 0.0
77 20.893386873866767 -3.1788551629483583 8.145994752419591 0.0 0.0 0.0
78 20.668079441269096 -3.7341711784605462 7.345457005819273 0.0 0.0 0.0
79 21.213160911677523 -3.9121539355274955 8.16473005481102 0.0 0.0 0.0
80 21.75824251924651 -4.090136250929794 8.984003108495834 0.0 0.0 0.0
81 21.213160854114612 -3.9121539415742523 8.164730091795358 0.0 0.0 0.0
82 21.758242516851713 -4.090136250982789 8.984003110077637 0.0 0.0 0.0
83 20.80254519350967 -4.175422956595201 9.26572780548547 0.0 0.0 0.0
84 21.344634405713386 -4.353195218135968 10.08702939993116 0.0 0.0 0.0
85 21.886723489784668 -4.5309675279937744 10.90833106849063 0.0 0.0 0.0
86 20.89266843972106 -4.5701850804388995 11.009901443222907 0.0 0.0 0.0
87 21.886947767083168 -4.617975733617486 10.914378290798389 0.0 0.0 0.0
88 22.422604304785903 -4.796475972074261 11.739732601677774 0.0 0.0 0.0
89 23.052424181208174 -4.9581435059912415 12.4994631669051 0.0 0.0 0.0
90 22.132692765981645 -4.947368670783027 12.891863506828047 0.0 0.0 0.0
91 21.1475485717711 -5.059018817609699 13.022344008539365 0.0 0.0 0.0
92 20.175364281705644 -5.084105107122044 13.255213895447111 0.0 0.0 0.0
93 20.23561493354059 -4.130562648227015 13.550386113038622 0.0 0.0 0.0
94 21.201922636891705 -3.9755587705115283 13.344903217552277 0.0 0.0 0.0
95 22.18417092711617 -3.790572352592323 13.313785352321219 0.0 0.0 0.0
96 21.35681922411282 -3.842905151542752 13.87302630011695 0.0 0.0 0.0
97 21.394679080724078 -3.004225310414133 14.41633353855746 0.0 0.0 0.0
98 21.329457056313682 -3.769452475954096 13.775885669756658 0.0 0.0 0.0
99 21.83426259864797 -3.968136140841817 14.615942909315583 0.0 0.0 0.0
100 22.33906814077976 -3.769452475933392 13.775885669639868 0.0 0.0 0.0
101 21.411357130002397 -3.611813889935501 13.437503701020038 0.0 0.0 0.0
102 21.973378279665045 -3.41820782112296 12.633358864904789 0.0 0.0 0.0
103 22.956274769335167 -3.4534978038355533 12.452612889253059 0.0 0.0 0.0
104 23.936783653933404 -3.414874208887215 12.259971914543126 0.0 0.0 0.0
105 23.20885809289004 -3.2640361909804936 12.928830845808665 0.0 0.0 0.0
106 22.248953119319193 -3.269146627596403 13.209109858850223 0.0 0.0 0.0
107 23.227951754028897 -3.2529187383990608 13.005889956161687 0.0 0.0 0.0
108 22.296932811782682 -3.386324413251946 13.34560550643248 0.0 0.0 0.0
109 21.613829787131586 -3.951193907537796 13.808523114801154 0.0 0.0 0.0
110 22.48597036904551 -3.8567209194828167 13.32847555475444 0.0 0.0 0.0
111 23.412088404193057 -3.5492372193578547 13.109936864514221 0.0 0.0 0.0
112 24.083434118599435 -3.428741541561165 12.378653251009512 0.0 0.0 0.0
113 23.222690135401717 -3.527620657571849 12.877995534224016 0.0 0.0 0.0
114 22.382985888107875 -3.2225232810443165 13.327230848856226 0.0 0.0 0.0
115 21.862114880707217 -4.076103654758172 13.33692307563556 0.0 0.0 0.0
116 21.007608694432044 -3.861225394377134 13.809835869745724 0.0 0.0 0.0
117 20.14257910066827 -3.9356375149803338 14.30600785426341 0.0 0.0 0.0
118 20.899726540246665 -4.0306065588423525 13.659704028305507 0.0 0.0 0.0
119 19.90306573301987 -3.953290923022376 13.63344516702429 0.0 0.0 0.0
120 20.855504286764315 -4.059564556881404 13.347846294324157 0.0 0.0 0.0
121 20.523389396018043 -4.162523529844205 14.285449168269748 0.0 0.0 0.0
122 21.50591651219192 -4.087242943652064 14.455664617996298 0.0 0.0 0.0
123 20.600118017990013 -4.103019958582796 14.879079513461063 0.0 0.0 0.0
124 19.600222517333275 -4.113385957874548 14.869003114049848 0.0 0.0 0.0
125 20.463691172410336 -4.071195713222067 14.366368191908956 0.0 0.0 0.0
126 21.33951127211194 -4.152215501549111 13.89057942905498 0.0 0.0 0.0
127 20.357146989552184 -4.211679290021924 14.06784892505278 0.0 0.0 0.0
128 19.513357741652825 -3.9288981702478063 14.52397888836229 0.0 0.0 0.0
129 19.112456505477795 -3.0285294973594254 14.693136955608736 0.0 0.0 0.0
130 18.116063527058742 -3.0937564022352775 14.747418475829965 0.0 0.0 0.0
131 17.43372374316502 -2.543417362681692 15.228603846408829 0.0 0.0 0.0
132 18.309577219927775 -2.1881383739937617 15.55518848695318 0.0 0.0 0.0
133 19.074689470518074 -1.9547238226274473 16.155289221169625 0.0 0.0 0.0
134 18.177715986674915 -2.2971964139184093 15.875734050413074 0.0 0.0 0.0
135 18.738800321009517 -3.0371371472004602 15.50469216464503 0.0 0.0 0.0
136 19.241372812514296 -2.8946378044027923 16.3574024484372 0.0 0.0 0.0
137 19.653921123881247 -2.2857265478191544 15.679884203373636 0.0 0.0 0.0
138 20.510034502991655 -2.681902536982072 16.0117192041179 0.0 0.0 0.0
139 19.672351749764754 -2.1881062667944815 15.778367862799659 0.0 0.0 0.0
140 20.086646092239707 -1.6432234951763571 16.507382926421123 0.0 0.0 0.0
141 20.96987555730653 -1.9183149741719805 16.887159690088648 0.0 0.0 0.0
142 21.719600496363423 -2.1682888772740077 17.499879498422015 0.0 0.0 0.0
143 21.335489825035705 -1.245224825319566 17.520171077010847 0.0 0.0 0.0
144 22.186055018470505 -1.5362980015154055 17.958138265070062 0.0 0.0 0.0
145 21.401329987366683 -1.2819897112648984 17.392864951469488 0.0 0.0 0.0
146 22.200578376401584 -1.6214876002489633 17.888791554910444 0.0 0.0 0.0
147 23.00187828311198 -1.8177539821040969 18.45394460219888 0.0 0.0 0.0
148 23.571468126363666 -2.635499610145702 18.536766690335874 0.0 0.0 0.0
149 22.767882865670106 -2.578909909622442 17.944273370043778 0.0 0.0 0.0
150 23.51847428330516 -2.6395657948535582 18.60225010774765 0.0 0.0 0.0
151 22.783197794215436 -2.1243540434209427 19.04261965230952 0.0 0.0 0.0
152 23.49848275555594 -2.320934236950218 19.713234035984748 0.0 0.0 0.0
153 22.747761714110165 -2.231942815768967 19.058636109860082 0.0 0.0 0.0
154 23.542090461484207 -2.199313719393034 19.66524733887326 0.0 0.0 0.0
155 22.84645023204984 -2.0060644424530087 18.973337382192003 0.0 0.0 0.0
156 22.123878956904637 -1.412856342747767 18.618379775175136 0.0 0.0 0.0
157 21.477187441077135 -2.0489470425216822 19.03930578413377 0.0 0.0 0.0
158 22.236354231513708 -2.468445368285064 19.536987347967468 0.0 0.0 0.0
159 21.434646732124655 -2.070615162709306 19.09089743219386 0.0 0.0 0.0
160 22.18665196384691 -2.251976176804347 19.724613704691876 0.0 0.0 0.0
161 21.45215338647448 -1.9383057490643485 19.12284738576128 0.0 0.0 0.0
162 20.586163894924375 -1.975555461047688 18.62417448747829 0.0 0.0 0.0
163 21.459531296822586 -1.9820791840795025 19.11119278522425 0.0 0.0 0.0
164 22.2768173971397 -2.1446175181956173 19.664026141825687 0.0 0.0 0.0
165 21.48618585489395 -2.105238706730417 19.05300153216278 0.0 0.0 0.0
166 20.91796451671972 -1.8116622533033453 18.284277019195574 0.0 0.0 0.0
167 21.50551255131269 -1.6029750083515013 19.066093455988987 0.0 0.0 0.0
168 22.109284069571082 -1.7661273237051103 19.846376273776688 0.0 0.0 0.0
169 21.569970229130025 -1.8877365703994198 19.01309854538887 0.0 0.0 0.0
170 20.929904720881513 -1.7648528967963197 18.25466875436509 0.0 0.0 0.0
171 21.740101384927385 -1.9652303953427288 18.805513763097334 0.0 0.0 0.0
172 22.179843992580015 -2.740003834997659 18.351253313332947 0.0 0.0 0.0
173 21.846237977683895 -1.9384784572953366 18.8475033468083 0.0 0.0 0.0
174 21.241625678065496 -2.2370208407589076 18.109047923356048 0.0 0.0 0.0
175 20.656750129691492 -2.0457925894100346 17.320788861371817 0.0 0.0 0.0
176 21.279529236507752 -2.478364776790771 17.972730182978133 0.0 0.0 0.0
177 21.351073980061678 -1.6391633005697552 18.51182408201454 0.0 0.0 0.0
178 21.91187226643171 -1.757552619411723 19.33126855919928 0.0 0.0 0.0
179 22.56157764238113 -2.105954312904933 20.00691579291928 0.0 0.0 0.0
180 21.736352918952566 -2.0729728595425496 19.443075053369224 0.0 0.0 0.0
181 21.13756792018635 -1.687396872021709 18.741086675189162 0.0 0.0 0.0
182 21.168789511321734 -2.1961977388000453 17.880768774519538 0.0 0.0 0.0
183 20.90572837548805 -1.446155304092632 18.487592624538696 0.0 0.0 0.0
184 20.359749960086226 -1.2213928949991568 17.68050562218157 0.0 0.0 0.0
185 19.568972571318632 -1.1211178816195135 17.076671172099744 0.0 0.0 0.0
186 18.7988894631396 -1.0294230278856213 16.44535187071886 0.0 0.0 0.0
187 19.460926213207642 -1.3492124282773859 17.12317344086577 0.0 0.0 0.0
188 20.055215929061767 -0.544971411160932 17.119158466705166 0.0 0.0 0.0
189 20.80744130266468 -0.7193667345850467 17.75456641320549 0.0 0.0 0.0
190 21.347385396570935 -1.0192149862315873 18.54104680167063 0.0 0.0 0.0
191 21.362993535697402 -1.7075691258800916 19.26625364417956 0.0 0.0 0.0
192 21.81910802577914 -1.795917521455667 20.15177842245327 0.0 0.0 0.0
193 21.228053023442428 -1.7644352460340238 19.345761765958486 0.0 0.0 0.0
194 21.85854025244275 -1.1193714362166851 18.91404596206497 0.0 0.0 0.0
195 22.568804755038954 -1.3236849010025997 19.58767816472377 0.0 0.0 0.0
196 23.237622318819252 -0.9451880323964529 20.227540014527566 0.0 0.0 0.0
197 22.523658451621248 -1.206467171446672 19.57793335828638 0.0 0.0 0.0
198 23.210264965679993 -0.8966959944405399 20.23566682462996 0.0 0.0 0.0
199 22.89770275465514 -0.6321083941195051 19.323363001336638 0.0 0.0 0.0
200 23.678963878118566 -0.4131880296726008 18.738807673762697 0.0 0.0 0.0
201 22.98873140899999 -0.8449575008625737 18.158157811691922 0.0 0.0 0.0
202 22.18520812314209 -1.4333767402024944 18.068084908670286 0.0 0.0 0.0
203 21.92599295543002 -2.279171465085742 18.53438822217735 0.0 0.0 0.0
204 21.36780039901171 -2.3895630890052018 17.71205327866125 0.0 0.0 0.0
205 21.440613500511894 -2.4214197332386096 18.708889978661865 0.0 0.0 0.0
206 20.74480728132985 -2.510281015562782 19.42160126512454 0.0 0.0 0.0
207 20.42917450837927 -2.6187511968110426 18.478940046860256 0.0 0.0 0.0
208 20.878795719054374 -2.5267831726157026 19.367412133893197 0.0 0.0 0.0
209 20.294918950968988 -2.5340541590572188 18.555602394824774 0.0 0.0 0.0
210 20.80938619166987 -2.353869651021033 19.393968067612843 0.0 0.0 0.0
211 21.115567327207412 -2.395376191999695 20.345036056400676 0.0 0.0 0.0
212 21.11550402168769 -2.2466673814039058 19.3561550293587 0.0 0.0 0.0
213 21.31780999099606 -2.3351495896537653 20.33147200019712 0.0 0.0 0.0
214 21.875958031823433 -2.036531220138352 21.10561529049197 0.0 0.0 0.0
215 22.357349696450687 -2.0081596569938016 21.981661590428306 0.0 0.0 0.0
216 22.363154776551823 -1.0507099146149916 22.270203254428118 0.0 0.0 0.0
217 22.197519836316683 -1.0345226088790225 21.284148977166303 0.0 0.0 0.0
218 21.780536467556043 -0.8242127424741434 20.399900917926253 0.0 0.0 0.0
219 22.32478206748608 -0.8667904713376666 21.237745691116146 0.0 0.0 0.0
220 22.83941720993708 -0.7783325608900722 22.090579712619565 0.0 0.0 0.0
221 23.333744873612574 -0.7190684135961752 22.957832802421304 0.0 0.0 0.0
222 23.774466810308287 -0.7798625683901054 23.853415431360744 0.0 0.0 0.0
223 24.219033394046736 -0.6861509674984827 24.74424576789036 0.0 0.0 0.0
224 23.7235338386725 -0.7752494799137063 23.880219352953098 0.0 0.0 0.0
225 23.338591767248605 -0.7306118902633852 22.95835868710489 0.0 0.0 0.0
226 23.89388425266589 -0.5454232228068565 23.769133263102916 0.0 0.0 0.0
227 24.471804359360224 -0.37361766604028046 24.566937249645065 0.0 0.0 0.0
228 24.956785268558544 -0.210987425398045 25.426207243617757 0.0 0.0 0.0
229 24.28635334990674 -0.5986749638590778 24.793578272596914 0.0 0.0 0.0
230 24.710885858658067 -0.621401783066601 25.698705689429495 0.0 0.0 0.0
231 25.0802906447471 -0.633873067027892 26.627890585502865 0.0 0.0 0.0
232 25.636506075212733 -0.4702494954329749 27.44266154824667 0.0 0.0 0.0
233 25.23954383719967 -0.7090387662603881 26.556433211005423 0.0 0.0 0.0
234 25.711406607083834 -0.6679068710046532 27.43714524884181 0.0 0.0 0.0
235 25.223421275068947 -0.7919624818586295 26.573154206553767 0.0 0.0 0.0
236 25.734287785835317 -0.7813129771466462 27.432748294613233 0.0 0.0 0.0
237 26.04181174648628 -0.745323730577647 28.383607794096175 0.0 0.0 0.0
238 26.28793201935268 -0.6828625491594047 29.350832386473776 0.0 0.0 0.0
239 25.711818164563773 -0.6015694467892714 28.53751556147425 0.0 0.0 0.0
240 25.25432189585722 -1.0385773767926856 27.763098856312407 0.0 0.0 0.0
241 25.72457365169985 -0.8335424726396248 28.621483370505132 0.0 0.0 0.0
242 26.42376653124043 -1.3411860718030886 29.12489899742598 0.0 0.0 0.0
243 26.330544143455974 -0.7947525692159814 29.957197029182733 0.0 0.0 0.0
244 25.860862168651693 -1.0241469900079734 29.104684834399887 0.0 0.0 0.0
245 26.083931523239883 -1.1487404458375432 30.07149222670099 0.0 0.0 0.0
246 26.378903342536624 -1.2110185968221312 31.024966430720543 0.0 0.0 0.0
247 26.716202300403776 -1.1921003322752195 31.966173906407107 0.0 0.0 0.0
248 27.041485352754798 -1.2505079951090112 32.90998505318145 0.0 0.0 0.0
249 26.46479420440715 -2.0645984798701145 32.97842482260604 0.0 0.0 0.0
250 26.95063201260404 -2.057808137738789 33.85244742836643 0.0 0.0 0.0
251 27.64145235076327 -1.6234616765035415 34.430470275664 0.0 0.0 0.0
252 28.012308304217854 -1.6702553930131598 35.35798103564607 0.0 0.0 0.0
253 28.159929053681438 -2.579023453038033 35.74829978667711 0.0 0.0 0.0
254 28.76997578695607 -1.942338162798757 36.21997215645708 0.0 0.0 0.0
255 28.92036767547735 -1.5924878957461654 35.29531704750551 0.0 0.0 0.0
256 28.66325898531567 -1.0164436899705231 34.51938651296285 0.0 0.0 0.0
257 28.925148388688807 -0.5623233108658476 33.66780643940389 0.0 0.0 0.0
258 28.778037311584903 -0.8298785002385578 34.620052495648316 0.0 0.0 0.0
259 28.852729273916722 -1.2887646010305207 35.50540251528065 0.0 0.0 0.0
260 28.774327646944258 -1.6531271084291517 36.433353563607156 0.0 0.0 0.0
261 29.39610888386655 -2.291631677912407 35.97981193579294 0.0 0.0 0.0
262 29.474134660048108 -2.400401940319342 36.97081193996408 0.0 0.0 0.0
263 30.13130841960062 -1.6905092893397078 37.22413993652329 0.0 0.0 0.0
264 29.58910859207329 -2.3583145318236536 36.71418356080054 0.0 0.0 0.0
265 29.72210416688392 -1.8082786910138848 35.88970023719388 0.0 0.0 0.0
266 29.721562770645694 -1.499046532808609 34.938713812883925 0.0 0.0 0.0
267 29.57513552725298 -1.9807465306944296 35.802730117376626 0.0 0.0 0.0
268 29.730395059513278 -2.6544204489712513 35.08019435391861 0.0 0.0 0.0
269 29.70931772446276 -3.4051832909141906 35.74042984304725 0.0 0.0 0.0
270 30.04439966787391 -3.8620272623390584 36.56445270497073 0.0 0.0 0.0
271 29.822782872998047 -3.4782186488025744 35.668028171390716 0.0 0.0 0.0
272 29.77345682921733 -4.254495284457621 36.29648781714455 0.0 0.0 0.0
273 30.287740955926587 -4.6367887097547476 37.06418800210577 0.0 0.0 0.0
274 30.207700180710294 -3.957811805958655 36.33440458326546 0.0 0.0 0.0
275 30.214645535476222 -4.6311244991376785 37.07372980213142 0.0 0.0 0.0
276 30.25014243927901 -3.965875998462274 36.32795208580466 0.0 0.0 0.0
277 31.08072209211939 -3.56106243378247 36.71039609234518 0.0 0.0 0.0
278 31.11301038930827 -2.9232763431698507 35.94085962895587 0.0 0.0 0.0
279 31.060209246925975 -2.779612614709439 34.95264266265344 0.0 0.0 0.0
280 31.669303984038372 -2.1275500738850175 35.40410478074928 0.0 0.0 0.0
281 31.921090890335904 -2.6548278402010834 36.215635131978274 0.0 0.0 0.0
282 31.490594735459304 -3.5278888059258673 36.44462773178051 0.0 0.0 0.0
283 30.94099107155839 -4.185340479820509 36.96008200629944 0.0 0.0 0.0
284 30.436838131785834 -5.0437388832730115 37.05485539005719 0.0 0.0 0.0
285 30.136267063439078 -5.942718853407326 36.736277226696615 0.0 0.0 0.0
286 30.525945271601568 -5.0514743255014265 36.968298961801466 0.0 0.0 0.0
287 30.15775759027969 -5.966540551212111 36.803703597691694 0.0 0.0 0.0
288 29.842718738130877 -6.860935544546886 36.48620065670619 0.0 0.0 0.0
289 29.54242083628809 -7.761880791749775 36.17296140039985 0.0 0.0 0.0
290 30.0291477787627 -7.7486212428435515 35.29950787110815 0.0 0.0 0.0
291 30.170670352015108 -8.582369047432273 34.76580761852858 0.0 0.0 0.0
292 30.11434902072655 -9.432541092379063 34.242323710817104 0.0 0.0 0.0
293 30.914781056275846 -9.236859651898273 34.8089076236824 0.0 0.0 0.0
294 30.46811038268577 -9.583829311947644 33.984227464857284 0.0 0.0 0.0
295 30.2522675579977 -9.735694516247941 33.01968154332036 0.0 0.0 0.0
296 30.10917478593276 -10.10513438769514 32.1015101867818 0.0 0.0 0.0
297 30.91075233862922 -10.695360398464759 32.00608124345682 0.0 0.0 0.0
298 31.284212006778976 -10.307605352421874 32.848799405438484 0.0 0.0 0.0
299 31.10692328081686 -10.719113635985098 31.95480296237756 0.0 0.0 0.0
300 30.157090140093384 -10.88287256686868 31.68834467795158 0.0 0.0 0.0
301 30.270114861857383 -10.390449401672159 32.551330679372235 0.0 0.0 0.0
302 30.100937271278607 -10.851472660013487 31.680218460358915 0.0 0.0 0.0
303 31.048140013658745 -10.974440644233006 31.384100511418772 0.0 0.0 0.0
304 30.75901425737938 -11.388078619509496 30.520787171741308 0.0 0.0 0.0
305 30.61446874021766 -12.043287893413302 29.779297184715926 0.0 0.0 0.0
306 30.439593452344877 -12.491272608698525 28.902525647448527 0.0 0.0 0.0
307 30.287985688753498 -13.013505252389063 28.06330687270453 0.0 0.0 0.0
308 30.17016006406279 -13.56602968404918 27.238180291757757 0.0 0.0 0.0
309 30.013093490598294 -13.991229456641722 26.346813226577886 0.0 0.0 0.0
310 29.80762412622118 -14.381890272556324 25.449502540576983 0.0 0.0 0.0
311 29.645337683731867 -14.861432148977268 24.58712054903098 0.0 0.0 0.0
312 29.817233639838232 -14.211606673854007 25.32751141347699 0.0 0.0 0.0
313 29.143365420120976 -13.579440449244899 25.709960739425608 0.0 0.0 0.0
314 28.849460152210327 -13.801860031111968 26.639557008295302 0.0 0.0 0.0
315 29.435245043038144 -13.649708072004946 25.843500576239293 0.0 0.0 0.0
316 28.561162692737618 -13.226328931685341 26.08168149158586 0.0 0.0 0.0
317 27.9396927250728 -13.08683515010887 26.852600789691824 0.0 0.0 0.0
318 27.51784606663371 -12.993960214716209 27.754498590520495 0.0 0.0 0.0
319 27.094252628450555 -12.944612710907858 28.659005872412724 0.0 0.0 0.0
320 26.643149422880082 -12.76806655588546 29.53384148729752 0.0 0.0 0.0
321 26.396388748171827 -12.669824504984797 30.497925336790065 0.0 0.0 0.0
322 25.92522282298688 -12.642308246837844 31.37954063071492 0.0 0.0 0.0
323 25.50260838930052 -12.536504456022344 32.27965317828274 0.0 0.0 0.0
324 25.0453282236777 -12.3672689892388 33.152724886053946 0.0 0.0 0.0
325 24.498020351279965 -12.198792880092736 33.9725235768668 0.0 0.0 0.0
326 23.67428822155515 -11.633846706480183 33.92455275886725 0.0 0.0 0.0
327 24.00184574794528 -11.805953256555108 32.995528861259395 0.0 0.0 0.0
328 23.74637675900418 -11.884352306881159 33.959162186024265 0.0 0.0 0.0
329 23.171501831313826 -11.686408625314796 34.75309991433863 0.0 0.0 0.0
330 23.513412850086535 -11.531913984859512 33.82615425179286 0.0 0.0 0.0
331 24.21329138464786 -12.079132296907554 34.28519908165109 0.0 0.0 0.0
332 23.665465858588078 -12.024198634933068 35.11998617174018 0.0 0.0 0.0
333 23.372130660021842 -12.808313215869477 34.573068641169975 0.0 0.0 0.0
334 22.92144565944871 -12.738820141444837 33.68309462870365 0.0 0.0 0.0
335 23.733738139723233 -12.198386525630632 33.463749162857106 0.0 0.0 0.0
336 24.04858677420932 -12.126831643031814 34.41018998833883 0.0 0.0 0.0
337 24.51344750540301 -11.996188770715802 35.28588225192638 0.0 0.0 0.0
338 25.098930628723696 -11.737305802557053 36.05411992420233 0.0 0.0 0.0
339 25.598006087143016 -11.54231853547119 36.89845614424618 0.0 0.0 0.0
340 26.053844857865304 -11.133839214787999 36.107661822263154 0.0 0.0 0.0
341 25.35783967222924 -11.770554499534363 36.43958113134001 0.0 0.0 0.0
342 25.992359895798067 -11.20913588646078 35.90836250706494 0.0 0.0 0.0
343 26.65809041087108 -11.435938002312415 36.61925186663213 0.0 0.0 0.0
344 27.175330087917732 -11.422239262191017 37.47498281792919 0.0 0.0 0.0
345 27.265786969937185 -11.415780239494739 38.47086224512966 0.0 0.0 0.0
346 27.80886950294499 -10.91658879235658 39.14604315529073 0.0 0.0 0.0
