0 0.0 0.0 0.0 0.0 0.0 0.0
1 0.869603074875922 0.12253704931458305 -0.4783044675848398 0.0 0.0 0.0
2 1.864495976768107 0.09335327827769234 -0.38167930899447716 0.0 0.0 0.0
3 2.8644946513116585 0.09387282737073133 -0.3832223514044722 0.0 0.0 0.0
4 3.843699829367781 0.18633931345296567 -0.5637969017145321 0.0 0.0 0.0
5 2.843701148402253 0.1856412109991801 -0.5623303683304702 0.0 0.0 0.0
6 1.848717388442203 0.2080186006679876 -0.6598320085595997 0.0 0.0 0.0
7 2.6539212046612333 0.3565853990680484 -1.2339179958119146 0.0 0.0 0.0
8 3.6539204432379835 0.3572603225023834 -1.2349511096853152 0.0 0.0 0.0
9 3.7671787226495144 0.6959297309163404 -2.169015129947995 0.0 0.0 0.0
10 2.767178967384181 0.6957988772478658 -2.169702404702138 0.0 0.0 0.0
11 1.767265151793621 0.6843308911349498 -2.176093545886491 0.0 0.0 0.0
12 2.767264902727256 0.6844602049873687 -2.175399708302802 0.0 0.0 0.0
13 1.7866918011786797 0.7272479183524555 -2.3668301241316074 0.0 0.0 0.0
14 2.7866892968239787 0.7271577667758727 -2.3645939274006005 0.0 0.0 0.0
15 3.7866867924569485 0.7270676133489652 -2.362357725230834 0.0 0.0 0.0
16 4.786684288089953 0.7269774599265366 -2.3601215230764616 0.0 0.0 0.0
17 3.7866867924569485 0.7270676133490125 -2.3623577252310057 0.0 0.0 0.0
18 4.786684288090344 0.7269774599713354 -2.3601215232496253 0.0 0.0 0.0
19 5.7866817837265625 0.7268873067843379 -2.3578853225228693 0.0 0.0 0.0
20 4.797455891661659 0.7750273002008552 -2.4961411560426567 0.0 0.0 0.0
21 3.7974559946582453 0.7748289476041113 -2.496549383190915 0.0 0.0 0.0
22 4.582077962625549 0.5816622449326225 -1.9074356485333894 0.0 0.0 0.0
23 5.582077567142245 0.5818948357429624 -1.9065772383969717 0.0 0.0 0.0
24 6.576035268334587 0.5575734591546471 -1.7995419223499765 0.0 0.0 0.0
25 5.576038278950952 0.5565403646617687 -1.7973161776586646 0.0 0.0 0.0
26 5.554761562786877 0.2872659508134421 -0.834487744657274 0.0 0.0 0.0
27 6.554760858688267 0.2862260710082595 -0.8350594497467296 0.0 0.0 0.0
28 5.56254841736486 0.24973963185392364 -0.7159661626106497 0.0 0.0 0.0
29 4.562548995931791 0.2508050550746257 -0.715817815439023 0.0 0.0 0.0
30 3.562549574549246 0.25187053606417 -0.7156695426119679 0.0 0.0 0.0
31 4.398739205538821 0.3960608200148841 -1.244816084734023 0.0 0.0 0.0
32 3.4771025191460927 0.04656986850295258 -1.4134633293196146 0.0 0.0 0.0
33 2.477124185567064 0.04594954751084543 -1.4069098894312724 0.0 0.0 0.0
34 3.4771025191462983 0.04656986849815828 -1.4134633292886762 0.0 0.0 0.0
35 4.477080852725326 0.04719018949026604 -1.4200167691771688 0.0 0.0 0.0
36 3.780531916918544 0.20776416503622505 -2.11932755731346 0.0 0.0 0.0
37 2.780543018653459 0.20766247563296453 -2.1146166119898866 0.0 0.0 0.0
38 3.780531036981469 0.20777697363685427 -2.1195104949698216 0.0 0.0 0.0
39 4.780519947918321 0.20787803616981132 -2.124218763195791 0.0 0.0 0.0
40 3.9184641579915933 0.37650558775717957 -2.6021565874987544 0.0 0.0 0.0
41 4.918462909938301 0.37497470088089513 -2.602547087683814 0.0 0.0 0.0
42 3.9184641579915933 0.37650558775828086 -2.6021565875026536 0.0 0.0 0.0
43 4.825089784423538 0.5464986827939258 -2.988333128914845 0.0 0.0 0.0
44 5.825085807786618 0.5439940137123199 -2.9870370228956715 0.0 0.0 0.0
45 6.82508185710565 0.5414940961483218 -2.9857518153270792 0.0 0.0 0.0
46 5.833938891398099 0.6183989576636351 -3.094016600939696 0.0 0.0 0.0
47 6.748350289724369 0.5063913454597038 -2.7050357666825775 0.0 0.0 0.0
48 7.748347511113507 0.5044197554749602 -2.7063280696391487 0.0 0.0 0.0
49 6.86926991189258 0.3532455113814432 -2.254256258451235 0.0 0.0 0.0
50 6.884255275035344 0.09699935630238976 -1.2877608643087293 0.0 0.0 0.0
51 5.884263900016869 0.09304374089724109 -1.2890269588627588 0.0 0.0 0.0
52 6.865941517855206 0.04390349115220028 -1.1049229380206351 0.0 0.0 0.0
53 5.98043096548114 0.09281544925710686 -1.5669604711156366 0.0 0.0 0.0
54 4.98134533913924 0.12139844606765496 -1.5987554947881972 0.0 0.0 0.0
55 5.642563028603242 0.3607278958265146 -2.3097495746636936 0.0 0.0 0.0
56 6.642528009828174 0.3633195390524497 -2.301792206429931 0.0 0.0 0.0
57 7.642492991053102 0.3659111822782804 -2.293834838195662 0.0 0.0 0.0
58 8.642457972278034 0.3685028255042829 -2.285877469962063 0.0 0.0 0.0
59 9.54759943640654 0.2513878264671041 -1.8772174561170307 0.0 0.0 0.0
60 10.547451855016257 0.2513119829031746 -1.86003795530801 0.0 0.0 0.0
61 9.547599436722887 0.2513878362915715 -1.8772174744851542 0.0 0.0 0.0
62 10.547451855016291 0.2513119829039048 -1.860037955310009 0.0 0.0 0.0
63 10.024710084602601 0.11518796383378394 -1.0184850497259612 0.0 0.0 0.0
64 10.736261619501233 0.321130407847417 -1.6902604012662557 0.0 0.0 0.0
65 11.259548585770625 0.5804636880917613 -2.5019974280737554 0.0 0.0 0.0
66 10.730153925883773 0.1912033312791589 -1.7481952864627068 0.0 0.0 0.0
67 11.729671288187347 0.18842688869924282 -1.7172544748977427 0.0 0.0 0.0
68 10.730153925884249 0.1912033312845903 -1.7481952864776127 0.0 0.0 0.0
69 11.729671288188841 0.188426888706604 -1.7172544749453822 0.0 0.0 0.0
70 11.93535535354487 -0.07461680148123945 -0.7746505908503858 0.0 0.0 0.0
71 12.934407179618075 -0.08254378214648962 -0.7318415754760749 0.0 0.0 0.0
72 13.93370210035286 -0.08870717974287659 -0.6948054589987693 0.0 0.0 0.0
73 14.932997021088068 -0.09487057733601238 -0.6577693425323199 0.0 0.0 0.0
74 13.933705542216257 -0.0886728724519052 -0.6948924984912462 0.0 0.0 0.0
75 13.788405473262232 -0.37109793302009003 0.25332898150433325 0.0 0.0 0.0
76 14.787553781645952 -0.37817451116998374 0.29398091744384425 0.0 0.0 0.0
77 15.713576048070516 -0.47483506307270607 0.6588637750732056 0.0 0.0 0.0
78 16.093051317680153 -0.24331378458760014 -0.23690205222950467 0.0 0.0 0.0
79 16.683331356354927 -0.07967444622259301 -1.0273396796749368 0.0 0.0 0.0
80 17.68204746417062 -0.08913900194078295 -0.9775746500404418 0.0 0.0 0.0
81 16.68333135813225 -0.07967445681232452 -1.0273397173573713 0.0 0.0 0.0
82 16.19467253395091 -0.2828986419902363 -0.17886315073429881 0.0 0.0 0.0
83 16.62681749130907 -0.11365417592874782 -1.0646436238411927 0.0 0.0 0.0
84 17.62520188814304 -0.126335438363791 -1.0092560643939816 0.0 0.0 0.0
85 16.626817492148916 -0.11365416752273652 -1.0646436370551562 0.0 0.0 0.0
86 15.891222671479655 -0.27745147574296014 -1.7219644884088638 0.0 0.0 0.0
87 16.140864101590193 -0.06349911168457462 -2.6663709381359864 0.0 0.0 0.0
88 15.66076236382654 -0.2991429796114511 -1.8214009452340045 0.0 0.0 0.0
89 16.658499330362986 -0.31625142067895556 -1.7563759742544833 0.0 0.0 0.0
90 15.660762363827853 -0.29914297960695607 -1.8214009452529547 0.0 0.0 0.0
91 15.796483747320693 -0.3802336266787397 -2.808823860229241 0.0 0.0 0.0
92 16.186175676672438 0.44733121719478774 -2.4047488308316094 0.0 0.0 0.0
93 16.33944057720314 0.1949437108390623 -1.449337706288437 0.0 0.0 0.0
94 15.344865173410556 0.21645245458710244 -1.5511077417271413 0.0 0.0 0.0
95 14.58411683947211 0.019172165338688346 -0.9327692746365566 0.0 0.0 0.0
96 14.618890813280363 0.2674407979804826 -1.9008361405046912 0.0 0.0 0.0
97 14.369052927469866 0.23131710117573445 -0.9332225247763379 0.0 0.0 0.0
98 13.3756478700821 0.2547898211562919 -1.045451858611648 0.0 0.0 0.0
99 14.369052910008204 0.23131708488869654 -0.9332223736198625 0.0 0.0 0.0
100 15.362457949934836 0.20784434862268802 -0.8209928886324187 0.0 0.0 0.0
101 15.957220505464964 0.5352207428102254 -1.555215061457532 0.0 0.0 0.0
102 16.544506010965627 0.8282623485607234 -2.309683319456498 0.0 0.0 0.0
103 16.062172199158784 0.567268004976055 -1.473479967032769 0.0 0.0 0.0
104 15.069934117741639 0.598301753479091 -1.5938979733252912 0.0 0.0 0.0
105 15.351869170803166 1.5313403258481735 -1.8173966272958446 0.0 0.0 0.0
106 15.658791123456128 2.04167447545809 -2.6207383794297723 0.0 0.0 0.0
107 16.286804635219344 1.7778316021975744 -1.8886277544061592 0.0 0.0 0.0
108 16.098278489788814 2.6494950099965466 -1.436233240742044 0.0 0.0 0.0
109 15.75116110991036 2.2703510871114663 -0.5784690480144494 0.0 0.0 0.0
110 14.762982267192177 2.4143846083929854 -0.6309754243072065 0.0 0.0 0.0
111 14.489640097733336 2.181426373158887 0.30230616183501646 0.0 0.0 0.0
112 14.39081766110029 1.7575569425699797 1.2026221240561341 0.0 0.0 0.0
113 14.766239314994301 2.139756759242268 0.3582395792796881 0.0 0.0 0.0
114 14.192111184877941 2.0734310856738625 1.1743142053003623 0.0 0.0 0.0
115 15.18039513882986 2.0399092428561647 1.3232138776145064 0.0 0.0 0.0
116 15.039047799330007 2.9186974517829514 1.7790123127451736 0.0 0.0 0.0
117 14.051239708424385 2.951397863715491 1.6268089665243166 0.0 0.0 0.0
118 14.325097674234827 3.2712683496358386 0.719789293750213 0.0 0.0 0.0
119 14.307931641540558 3.69696199418832 -0.1849152150863238 0.0 0.0 0.0
120 14.716803586574294 3.919186158341617 -1.0700367623501403 0.0 0.0 0.0
121 14.461853527789453 3.557582482137085 -0.17324066017252293 0.0 0.0 0.0
122 15.447032574410043 3.606414757408395 -0.008809352352016742 0.0 0.0 0.0
123 14.998860364139201 3.3488408719977216 0.8472264900607833 0.0 0.0 0.0
124 15.047511360387222 3.703465333579356 -0.08651575050242799 0.0 0.0 0.0
125 14.590452928993152 3.339592569120858 0.7250840286848963 0.0 0.0 0.0
126 14.918177009189165 3.6989764848304727 -0.14866658126561738 0.0 0.0 0.0
127 15.119876515972628 3.9838955369383644 -1.0857569945712084 0.0 0.0 0.0
128 15.089293417187877 4.894039450846944 -0.6725951255127349 0.0 0.0 0.0
129 14.648247856564257 4.663163955436149 0.19468528996602574 0.0 0.0 0.0
130 15.213042776041267 5.088800795918751 -0.5123083302010423 0.0 0.0 0.0
131 15.440301259727818 4.633897443895843 -1.3733637999071546 0.0 0.0 0.0
132 15.622848529097501 4.55151236442265 -2.3531031494924757 0.0 0.0 0.0
133 15.728791679214414 3.769208044199034 -2.9669239698486867 0.0 0.0 0.0
134 15.112041026278954 4.094787350880767 -3.6835945686347142 0.0 0.0 0.0
135 14.977403862058354 3.7523297238682263 -2.753758234804095 0.0 0.0 0.0
136 15.808637819361637 4.016305356167342 -3.243009677089343 0.0 0.0 0.0
137 16.1416800656068 4.3468921431523135 -4.126069832733862 0.0 0.0 0.0
138 16.428302112166897 4.457478579132701 -5.077709702959385 0.0 0.0 0.0
139 16.28832412865212 3.958891007037969 -4.2222469059402465 0.0 0.0 0.0
140 16.641654351693518 3.1124378344297403 -4.620586936651425 0.0 0.0 0.0
141 16.955717750570066 3.4243104677016167 -5.5173029686828405 0.0 0.0 0.0
142 16.719970423109256 3.1197162684914956 -4.594456518073302 0.0 0.0 0.0
143 17.196061575136717 3.279708637033271 -5.459175927459694 0.0 0.0 0.0
144 16.27394508522901 3.183544806085189 -5.833947453402727 0.0 0.0 0.0
145 16.60812609036677 3.6633484834505237 -6.645188161819042 0.0 0.0 0.0
146 17.18664104900901 3.5537363049537816 -7.453461390963966 0.0 0.0 0.0
147 17.57738208120616 3.8269933347698375 -8.332467671609106 0.0 0.0 0.0
148 17.14066150575179 4.560453309090475 -7.8115918658315895 0.0 0.0 0.0
149 16.780441141094464 4.228126270904828 -6.9399267761458265 0.0 0.0 0.0
150 16.560527119956756 3.89068024980504 -6.0246300995698885 0.0 0.0 0.0
151 16.33315512520584 4.4557227446061285 -5.231516642949745 0.0 0.0 0.0
152 15.93315817302284 4.061244325527188 -4.404238446013987 0.0 0.0 0.0
153 15.695494886252604 3.7141398195632886 -3.4970258887479853 0.0 0.0 0.0
154 15.327125675008899 3.417860519993323 -2.6158206340802583 0.0 0.0 0.0
155 14.943874137873998 4.293353034622904 -2.3214889910119156 0.0 0.0 0.0
156 15.20783638752762 4.727002184547651 -3.1830412793423073 0.0 0.0 0.0
157 15.634376076625495 5.162959503486388 -3.9755090135044147 0.0 0.0 0.0
158 15.753711327874766 5.718224192113416 -4.798576582646338 0.0 0.0 0.0
159 16.066817222701424 5.828864699932439 -5.741828074378178 0.0 0.0 0.0
160 15.63280032181541 5.583049102757607 -4.875107806973019 0.0 0.0 0.0
161 16.03188911929031 5.773499401879089 -5.772022973136782 0.0 0.0 0.0
162 16.310295573072136 6.262050616607913 -6.598949546104182 0.0 0.0 0.0
163 16.5657308981003 6.663407780571406 -7.478531959333852 0.0 0.0 0.0
164 16.102868567265368 6.220112516110946 -6.710907199961818 0.0 0.0 0.0
165 16.791428560271108 6.493651760991394 -7.382518261173706 0.0 0.0 0.0
166 17.187198293206126 6.902956422995557 -8.204610720787704 0.0 0.0 0.0
167 17.459023961114887 7.277862778428221 -9.090926708978229 0.0 0.0 0.0
168 16.819880562619932 6.97945705055828 -8.382089818195364 0.0 0.0 0.0
169 16.406042811527556 6.486257049348706 -7.616915279558809 0.0 0.0 0.0
170 16.423826495303405 7.474181889458655 -7.463005400457157 0.0 0.0 0.0
171 17.423637607366974 7.456431760749962 -7.45508876449067 0.0 0.0 0.0
172 17.87177972640018 7.7200754329224806 -8.309290529457126 0.0 0.0 0.0
173 18.548099400930276 7.9439869255672475 -9.011042153114019 0.0 0.0 0.0
174 17.9952918635703 7.4440647642389735 -8.344347575926797 0.0 0.0 0.0
175 17.54475520438237 7.207462950418654 -7.48351292256722 0.0 0.0 0.0
176 17.185810482450854 6.629510101050061 -6.750621941244472 0.0 0.0 0.0
177 16.432852416128064 6.280052932836259 -6.193007524336677 0.0 0.0 0.0
178 16.603254594218107 5.590752716186 -5.488856752819617 0.0 0.0 0.0
179 16.97993850848039 6.169922767439656 -6.21181683502808 0.0 0.0 0.0
180 17.881108860863083 6.105223337744967 -5.783207479339678 0.0 0.0 0.0
181 18.231671989473245 6.4195044178699705 -6.665439249077376 0.0 0.0 0.0
182 17.759025400539002 6.174534173719882 -5.818920034026788 0.0 0.0 0.0
183 18.134577751682418 6.552508330041077 -6.665144572021241 0.0 0.0 0.0
184 18.96230807113817 6.6690102807929375 -7.214043300134789 0.0 0.0 0.0
185 19.68345443738957 6.963084847809627 -7.8413136305955335 0.0 0.0 0.0
186 20.355733584498005 7.229573501524256 -8.53198326638714 0.0 0.0 0.0
187 20.647128358859717 7.536692927329526 -9.437945044702165 0.0 0.0 0.0
188 20.018269716044557 7.263295198542728 -8.710077962570487 0.0 0.0 0.0
189 19.369734771626334 7.019556726273233 -7.9889718795257165 0.0 0.0 0.0
190 19.802692377211464 7.195251956654992 -8.87309794394588 0.0 0.0 0.0
191 20.714944113170127 7.40003076917526 -9.22786886747707 0.0 0.0 0.0
192 20.55699645604461 6.515348587610798 -9.666491684064278 0.0 0.0 0.0
193 21.180064927075808 6.780407029896701 -10.402378701601485 0.0 0.0 0.0
194 21.92260740036918 7.044326484224397 -11.017989940113837 0.0 0.0 0.0
195 22.598429203845527 7.383996340285856 -11.672122402868249 0.0 0.0 0.0
196 22.15081336176021 6.984553304197158 -10.872069080373752 0.0 0.0 0.0
197 22.57027711042776 7.389742872060831 -11.684393878498373 0.0 0.0 0.0
198 22.41339844009465 7.183626074265218 -10.718523831100175 0.0 0.0 0.0
199 23.181582462775435 7.475138203923359 -11.28853609900335 0.0 0.0 0.0
200 23.984895371475407 7.744126715123223 -11.819886785046432 0.0 0.0 0.0
201 23.286644729099876 7.4105130764449205 -11.186524344961795 0.0 0.0 0.0
202 24.042827770115256 7.145565212034186 -10.588201825224388 0.0 0.0 0.0
203 24.752493374370093 6.836615147917961 -9.955015764085806 0.0 0.0 0.0
204 25.74416083001054 6.931162064922883 -10.042517409261489 0.0 0.0 0.0
205 24.907054580348532 6.682215862748483 -9.555404573052325 0.0 0.0 0.0
206 24.21200830415183 6.403195338313004 -8.892789887968426 0.0 0.0 0.0
207 25.098824766539366 6.555278351069733 -9.329169675847375 0.0 0.0 0.0
208 25.949200127041642 6.755613608156171 -9.815716211153829 0.0 0.0 0.0
209 25.020762666331432 6.731226531604968 -9.445028806394443 0.0 0.0 0.0
210 24.922864745945823 5.810360176035512 -9.067641535326134 0.0 0.0 0.0
211 24.376528294748763 6.60137630739081 -9.342977624550015 0.0 0.0 0.0
212 25.185284897856054 6.581824884993436 -8.755159201214557 0.0 0.0 0.0
213 25.90385460590978 6.8499799266360695 -9.396837039626643 0.0 0.0 0.0
214 25.677294259279876 6.587499593456048 -8.458874095780438 0.0 0.0 0.0
215 25.966223033674474 7.389998739589527 -8.980904060228703 0.0 0.0 0.0
216 25.26965453308255 6.672560455959531 -8.972265011372746 0.0 0.0 0.0
217 25.86898635383441 6.935800987065475 -9.728245031887383 0.0 0.0 0.0
218 26.54214622548341 7.671437193385441 -9.80371131013559 0.0 0.0 0.0
219 27.252288086997297 8.064237049436624 -10.38801158363522 0.0 0.0 0.0
220 26.65679670699094 7.803551006761577 -9.628121589298846 0.0 0.0 0.0
221 27.47511137168095 8.143166439272193 -10.091826740827141 0.0 0.0 0.0
222 27.508989927457645 8.197831129131195 -9.093896875986378 0.0 0.0 0.0
223 26.8655490817462 7.8946069724032775 -8.391017804704006 0.0 0.0 0.0
224 27.58311567778744 8.178510103293666 -9.027018742216212 0.0 0.0 0.0
225 26.975620469377702 8.111561632514876 -9.818515725166604 0.0 0.0 0.0
226 27.49222645370722 8.157524821884031 -8.963527045605332 0.0 0.0 0.0
227 27.839926299129136 8.134602044234862 -8.026201401147436 0.0 0.0 0.0
228 27.260918695247234 8.021292716212276 -8.833611576231938 0.0 0.0 0.0
229 26.903180560045378 8.011807269945875 -9.767385345906057 0.0 0.0 0.0
230 27.489745662774485 8.026554344350275 -8.957617537175132 0.0 0.0 0.0
231 27.86715399400489 8.081730927533338 -8.033215840840628 0.0 0.0 0.0
232 28.1813227415151 8.108878649352137 -7.084236916265427 0.0 0.0 0.0
233 28.024530612331773 8.22855607867903 -8.06459069992511 0.0 0.0 0.0
234 27.447362441402756 8.085794392623248 -8.868640451781886 0.0 0.0 0.0
235 27.693224905856834 8.18981877563574 -7.904933765952933 0.0 0.0 0.0
236 28.146383910557493 7.341449063113982 -7.631226354042952 0.0 0.0 0.0
237 27.902086326656686 7.336939113584002 -8.600916176024937 0.0 0.0 0.0
238 28.391965642947998 7.354231581553558 -7.729297437113558 0.0 0.0 0.0
239 28.660997830121435 7.388014555731107 -6.766758922081363 0.0 0.0 0.0
240 28.127298393994867 7.26413394868479 -7.603310478816509 0.0 0.0 0.0
241 28.00218078591444 7.150326806030902 -8.588903456890712 0.0 0.0 0.0
242 28.156862381434657 7.155302382628244 -7.60095161209015 0.0 0.0 0.0
243 27.757869156125924 7.073837193552979 -8.514279499065385 0.0 0.0 0.0
244 28.27761766330747 7.207734679586415 -7.670518305055813 0.0 0.0 0.0
245 29.204994263457554 7.43452058422546 -7.3729602519786095 0.0 0.0 0.0
246 28.751565494058422 7.335526273822468 -8.258738146029371 0.0 0.0 0.0
247 28.395367299736137 7.20475542052439 -9.183952624023105 0.0 0.0 0.0
248 27.5372907013662 7.0039193145308305 -8.711332893310118 0.0 0.0 0.0
249 28.379422390956965 7.272912491458527 -9.178726611874394 0.0 0.0 0.0
250 28.863813576961267 7.503615077112112 -8.334841847292125 0.0 0.0 0.0
251 28.516565203987096 7.3540782121825305 -9.260615736259512 0.0 0.0 0.0
252 28.67135581564082 7.417408144424525 -8.274700331051704 0.0 0.0 0.0
253 29.41675104087355 7.606289840929668 -8.914004376812079 0.0 0.0 0.0
254 28.908279885749135 7.44943242700521 -9.760675999168319 0.0 0.0 0.0
255 28.565094212109468 7.371146998883861 -10.696675457048675 0.0 0.0 0.0
256 28.501804960869805 7.338220726559799 -9.699223537772186 0.0 0.0 0.0
257 29.17817005701599 7.508207716480513 -8.98254042790226 0.0 0.0 0.0
258 28.79214048305907 7.141157590067822 -8.13622170972864 0.0 0.0 0.0
259 27.87612430433103 6.894192165674197 -8.45232681797991 0.0 0.0 0.0
260 28.730124246369996 7.144366338557054 -7.996150336538995 0.0 0.0 0.0
261 27.79587794938589 6.80015777773528 -8.08944729912878 0.0 0.0 0.0
262 28.68895078917237 7.234834745532284 -8.205537076897949 0.0 0.0 0.0
263 29.622455510899087 7.577147860408327 -8.098810014267267 0.0 0.0 0.0
264 28.694446039303216 7.205019526527776 -8.080951577840052 0.0 0.0 0.0
265 27.791713233608956 6.917838858942077 -8.40126508940083 0.0 0.0 0.0
266 26.847547773614302 6.6055538598717725 -8.506287294237403 0.0 0.0 0.0
267 27.75727262592261 6.954362259485957 -8.731528039776935 0.0 0.0 0.0
268 28.68559758418873 7.3245485264307995 -8.697251230916741 0.0 0.0 0.0
269 27.767616224366634 6.932600615564178 -8.636530079853447 0.0 0.0 0.0
270 28.597981146946104 7.365371436885214 -8.987533657559831 0.0 0.0 0.0
271 29.529187556370843 7.691113481284741 -8.823989340762548 0.0 0.0 0.0
272 28.853142245952156 7.27174503344659 -8.218107468432061 0.0 0.0 0.0
273 28.030778452416396 7.054246459658096 -8.743856611542576 0.0 0.0 0.0
274 28.785130312824478 7.478278223537727 -9.24500562523009 0.0 0.0 0.0
275 29.562087059805773 7.569087810972564 -8.622035455679287 0.0 0.0 0.0
276 29.750080220218564 7.2252196917211355 -7.702028233859544 0.0 0.0 0.0
277 28.894230947374105 6.786727896822326 -7.427716425914624 0.0 0.0 0.0
278 29.773058801768528 7.219195738352813 -7.629293131866569 0.0 0.0 0.0
279 29.02162620879171 6.962933718437469 -8.2373053318766 0.0 0.0 0.0
280 29.832135802663277 7.28288289817713 -8.727924043939275 0.0 0.0 0.0
281 30.756670368467148 7.663967333902974 -8.731162790819187 0.0 0.0 0.0
282 31.59292224349032 7.8925808530835555 -8.232746639026255 0.0 0.0 0.0
283 32.06712523262427 8.249437098748015 -9.037597646993989 0.0 0.0 0.0
284 32.9787549451213 8.617963072637902 -8.855608982893521 0.0 0.0 0.0
285 33.93230987561612 8.898645600483746 -8.964926470474717 0.0 0.0 0.0
286 32.9803634052406 8.59434206697012 -8.93032477932106 0.0 0.0 0.0
287 33.92273276976443 8.902214813539736 -8.799350153050844 0.0 0.0 0.0
288 34.88454915850748 9.17218134059698 -8.844375797009633 0.0 0.0 0.0
289 34.818320182419804 10.07238824473408 -9.274772419289892 0.0 0.0 0.0
290 33.90789807360929 10.06443484885305 -9.688376489969764 0.0 0.0 0.0
291 32.90989620303631 10.127615484247825 -9.689064707910031 0.0 0.0 0.0
292 33.84033428982203 10.42995229688043 -9.896133339975977 0.0 0.0 0.0
293 34.816799925540614 10.626518926977417 -9.9848825495105 0.0 0.0 0.0
294 33.89749593972188 10.382056264589293 -9.676470182125742 0.0 0.0 0.0
295 32.96359858342836 10.056685770303245 -9.528248154896316 0.0 0.0 0.0
296 32.004675047845005 9.798265910126268 -9.411265982021964 0.0 0.0 0.0
297 32.95985554037945 10.075054001649857 -9.516235401722932 0.0 0.0 0.0
298 32.006338940195 9.793365413966388 -9.409195069410508 0.0 0.0 0.0
299 31.071791054981293 9.453123226852444 -9.305005317752865 0.0 0.0 0.0
300 32.02701325591955 9.736316368437384 -9.390750238266579 0.0 0.0 0.0
301 31.04678045500598 9.538869263436698 -9.403331841501785 0.0 0.0 0.0
302 31.95973675460262 9.927719831335155 -9.527049386222945 0.0 0.0 0.0
303 31.955905015238436 10.334445513495435 -8.613507084386464 0.0 0.0 0.0
304 30.982044765222895 10.129441885577302 -8.711332060645342 0.0 0.0 0.0
305 30.116807308754513 10.401373049818977 -9.132541730332878 0.0 0.0 0.0
306 31.06500497972408 10.708215635100574 -9.050268984994178 0.0 0.0 0.0
307 31.33348808510409 9.812024625990851 -8.697057295894858 0.0 0.0 0.0
308 31.27071376159368 10.690585122631491 -9.170545245108299 0.0 0.0 0.0
309 30.338963048833076 10.334400602686397 -9.241066142873157 0.0 0.0 0.0
310 31.27101934839404 10.681057950954486 -9.135710851879166 0.0 0.0 0.0
311 32.20909044103218 11.020092089710452 -9.064447411640463 0.0 0.0 0.0
312 33.1142687798216 11.441699168211503 -9.1182957760001 0.0 0.0 0.0
313 32.185225568760245 11.087665784050786 -9.225715862019845 0.0 0.0 0.0
314 33.14307686355712 11.287860878353438 -9.019699306197062 0.0 0.0 0.0
315 32.88759200446955 10.38547131863705 -8.672682636148133 0.0 0.0 0.0
316 33.73964824569964 9.979598479611395 -8.342126437715704 0.0 0.0 0.0
317 32.95928786635158 9.358131955858452 -8.27272155173389 0.0 0.0 0.0
318 32.098987399438315 8.848371475623129 -8.277952174932054 0.0 0.0 0.0
319 33.04689766644406 8.709048968397736 -7.991499099044379 0.0 0.0 0.0
320 34.02488939115304 8.54377865920232 -7.864149535640339 0.0 0.0 0.0
321 34.987613329487566 8.712633323283802 -7.652842363552953 0.0 0.0 0.0
322 35.9716526036781 8.874103900699383 -7.578049586631517 0.0 0.0 0.0
323 36.906004430797765 9.189151322204365 -7.411520954375135 0.0 0.0 0.0
324 37.84262123434342 9.429337655297203 -7.156453338415529 0.0 0.0 0.0
325 36.913583429811624 9.126121263416024 -7.368464134002151 0.0 0.0 0.0
326 37.82470429765101 9.507014313156553 -7.21104987528671 0.0 0.0 0.0
327 37.6094961290711 8.530810519104962 -7.184374106211806 0.0 0.0 0.0
328 37.725406947246334 7.622280899771924 -6.782953363070026 0.0 0.0 0.0
329 37.1371651157804 6.813839388953306 -6.802799554112191 0.0 0.0 0.0
330 36.19675421706915 6.516719901088706 -6.968169900656372 0.0 0.0 0.0
331 35.26861899344527 6.185822745340951 -7.138675264169308 0.0 0.0 0.0
332 36.14783895682708 6.570921164078658 -6.858190926145631 0.0 0.0 0.0
333 35.22966101178542 6.507218850655551 -7.249204067233746 0.0 0.0 0.0
334 34.28014436596006 6.4012114851483135 -7.544467640602966 0.0 0.0 0.0
335 35.18318301774561 6.748769782538808 -7.29203067164572 0.0 0.0 0.0
336 34.24035261148525 6.438275306651643 -7.4131256982753975 0.0 0.0 0.0
337 35.11006482518959 6.824519317263505 -7.10585345807148 0.0 0.0 0.0
338 36.048308712302386 6.987481690680226 -6.800662250554245 0.0 0.0 0.0
339 35.72101564192279 7.914050016363271 -6.9860008162182945 0.0 0.0 0.0
340 35.76369192497797 7.047671231016725 -6.4884402318006495 0.0 0.0 0.0
341 36.66450007910599 7.121285644369063 -6.06050847602265 0.0 0.0 0.0
342 35.70421947409027 7.002940502664646 -6.313205106521706 0.0 0.0 0.0
343 36.64579741917036 6.944336480471931 -6.6448623722669 0.0 0.0 0.0
344 35.98743523128052 7.671765815911019 -6.838268141311033 0.0 0.0 0.0
345 35.58336329028135 8.453105680807875 -6.362627644696083 0.0 0.0 0.0
346 34.66145910755902 8.11827327315497 -6.557512063427815 0.0 0.0 0.0
0 0.0 0.0 0.0 0.0 0.0 0.0
1 0.869603074875922 0.12253704931458305 -0.4783044675848398 0.0 0.0 0.0
2 1.864495976768107 0.09335327827769234 -0.38167930899447716 0.0 0.0 0.0
3 2.8644946513116585 0.09387282737073133 -0.3832223514044722 0.0 0.0 0.0
4 3.843699829367781 0.18633931345296567 -0.5637969017145321 0.0 0.0 0.0
5 2.843701148402253 0.1856412109991801 -0.5623303683304702 0.0 0.0 0.0
6 1.848717388442203 0.2080186006679876 -0.6598320085595997 0.0 0.0 0.0
7 2.6539212046612333 0.3565853990680484 -1.2339179958119146 0.0 0.0 0.0
8 3.6539204432379835 0.3572603225023834 -1.2349511096853152 0.0 0.0 0.0
9 3.7671787226495144 0.6959297309163404 -2.169015129947995 0.0 0.0 0.0
10 2.767178967384181 0.6957988772478658 -2.169702404702138 0.0 0.0 0.0
11 1.767265151793621 0.6843308911349498 -2.176093545886491 0.0 0.0 0.0
12 2.767264902727256 0.6844602049873687 -2.175399708302802 0.0 0.0 0.0
13 1.7866918011786797 0.7272479183524555 -2.3668301241316074 0.0 0.0 0.0
14 2.7866892968239787 0.7271577667758727 -2.3645939274006005 0.0 0.0 0.0
15 3.7866867924569485 0.7270676133489652 -2.362357725230834 0.0 0.0 0.0
16 4.786684288089953 0.7269774599265366 -2.3601215230764616 0.0 0.0 0.0
17 3.7866867924569485 0.7270676133490125 -2.3623577252310057 0.0 0.0 0.0
18 4.786684288090344 0.7269774599713354 -2.3601215232496253 0.0 0.0 0.0
19 5.7866817837265625 0.7268873067843379 -2.3578853225228693 0.0 0.0 0.0
20 4.797455891661659 0.7750273002008552 -2.4961411560426567 0.0 0.0 0.0
21 3.7974559946582453 0.7748289476041113 -2.496549383190915 0.0 0.0 0.0
22 4.582077962625549 0.5816622449326225 -1.9074356485333894 0.0 0.0 0.0
23 5.582077567142245 0.5818948357429624 -1.9065772383969717 0.0 0.0 0.0
24 6.576035268334587 0.5575734591546471 -1.7995419223499765 0.0 0.0 0.0
25 5.576038278950952 0.5565403646617687 -1.7973161776586646 0.0 0.0 0.0
26 5.554761562786877 0.2872659508134421 -0.834487744657274 0.0 0.0 0.0
27 6.554760858688267 0.2862260710082595 -0.8350594497467296 0.0 0.0 0.0
0 0.0 0.0 0.0 0.0 0.0 0.0
1 0.869603074875922 0.12253704931458305 -0.4783044675848398 0.0 0.0 0.0
2 1.864495976768107 0.09335327827769234 -0.38167930899447716 0.0 0.0 0.0
3 2.8644946513116585 0.09387282737073133 -0.3832223514044722 0.0 0.0 0.0
4 3.843699829367781 0.18633931345296567 -0.5637969017145321 0.0 0.0 0.0
5 2.843701148402253 0.1856412109991801 -0.5623303683304702 0.0 0.0 0.0
6 1.848717388442203 0.2080186006679876 -0.6598320085595997 0.0 0.0 0.0
7 2.6539212046612333 0.3565853990680484 -1.2339179958119146 0.0 0.0 0.0
8 3.6539204432379835 0.3572603225023834 -1.2349511096853152 0.0 0.0 0.0
0 0.0 0.0 0.0 0.0 0.0 0.0
1 0.869603074875922 0.12253704931458305 -0.4783044675848398 0.0 0.0 0.0
2 1.864495976768107 0.09335327827769234 -0.38167930899447716 0.0 0.0 0.0
3 2.8644946513116585 0.09387282737073133 -0.3832223514044722 0.0 0.0 0.0
4 3.843699829367781 0.18633931345296567 -0.5637969017145321 0.0 0.0 0.0
5 2.843701148402253 0.1856412109991801 -0.5623303683304702 0.0 0.0 0.0
6 1.848717388442203 0.2080186006679876 -0.6598320085595997 0.0 0.0 0.0
7 2.6539212046612333 0.3565853990680484 -1.2339179958119146 0.0 0.0 0.0
8 3.6539204432379835 0.3572603225023834 -1.2349511096853152 0.0 0.0 0.0
9 3.7671787226495144 0.6959297309163404 -2.169015129947995 0.0 0.0 0.0
10 2.767178967384181 0.6957988772478658 -2.169702404702138 0.0 0.0 0.0
11 1.767265151793621 0.6843308911349498 -2.176093545886491 0.0 0.0 0.0
12 2.767264902727256 0.6844602049873687 -2.175399708302802 0.0 0.0 0.0
13 1.7866918011786797 0.7272479183524555 -2.3668301241316074 0.0 0.0 0.0
0 0.0 0.0 0.0 0.0 0.0 0.0
1 0.869603074875922 0.12253704931458305 -0.4783044675848398 0.0 0.0 0.0
2 1.864495976768107 0.09335327827769234 -0.38167930899447716 0.0 0.0 0.0
3 2.8644946513116585 0.09387282737073133 -0.3832223514044722 0.0 0.0 0.0
4 3.843699829367781 0.18633931345296567 -0.5637969017145321 0.0 0.0 0.0
5 2.843701148402253 0.1856412109991801 -0.5623303683304702 0.0 0.0 0.0
6 1.848717388442203 0.2080186006679876 -0.6598320085595997 0.0 0.0 0.0
7 2.6539212046612333 0.3565853990680484 -1.2339179958119146 0.0 0.0 0.0
