0 0.0 0.0 0.0 0.0 0.0 0.0
1 0.2445719673669531 -0.07319123836245904 0.9668648278871393 0.0 0.0 0.0
2 -0.030912464369228815 -0.11510471104038024 0.006473455227497871 0.0 0.0 0.0
3 -0.27982815465465155 -0.12098228724017451 -0.9620338670100513 0.0 0.0 0.0
4 -0.1989278303964973 0.023515112639288294 0.02415862888666742 0.0 0.0 0.0
5 0.13872237935344528 0.5211381046340204 0.8231352829223345 0.0 0.0 0.0
6 -0.275078555319166 0.4787167530947143 1.732513760453913 0.0 0.0 0.0
7 -0.21358746016093838 0.28583432730395686 0.7532205382587854 0.0 0.0 0.0
8 -0.7999717205824945 -0.18786435350389824 0.09613374115298279 0.0 0.0 0.0
9 -0.08344854695088932 -0.25135237692903367 0.7908018723713808 0.0 0.0 0.0
10 0.3239129494173436 -1.0988094688060366 0.4504005082377949 0.0 0.0 0.0
11 0.5893673388067221 -1.4730459380265473 -0.43812694336923313 0.0 0.0 0.0
12 1.5755826008717133 -1.3239372262781433 -0.5098629102952521 0.0 0.0 0.0
13 0.5918688457361753 -1.4454133024992197 -0.37738343693024984 0.0 0.0 0.0
14 1.2251090978276085 -0.6778248228280295 -0.2783142237141838 0.0 0.0 0.0
15 1.391577477632353 -0.4469135295441495 0.6803140948531079 0.0 0.0 0.0
16 2.1827040273715337 -0.2554690453781467 1.2612338757008532 0.0 0.0 0.0
17 1.9537299910994335 -0.5061679524812372 0.32063781538028135 0.0 0.0 0.0
18 1.7723237341097573 -0.07830995148792774 1.2060921060757455 0.0 0.0 0.0
19 2.4611686180125174 0.2618737311508525 1.846223177019276 0.0 0.0 0.0
20 3.2619280533634436 0.7349178685898012 2.213665105398585 0.0 0.0 0.0
21 4.088413087921209 1.2879252216461694 2.31904705412623 0.0 0.0 0.0
22 4.943992422405928 1.792007657515396 2.436881260750745 0.0 0.0 0.0
23 4.837055772448966 1.3287442157312395 3.3166264149870606 0.0 0.0 0.0
24 4.532545819693734 1.831280854171285 2.507472155467662 0.0 0.0 0.0
25 3.7434915853647706 1.2213165208141583 2.434417878934876 0.0 0.0 0.0
26 3.3172312884552153 0.5253716692098013 1.856522626485121 0.0 0.0 0.0
27 3.2183258481729733 -0.4667946773293141 1.9328355000897994 0.0 0.0 0.0
28 2.4904407923250576 -1.151923852872657 1.9607882869379 0.0 0.0 0.0
29 1.6668011309801856 -1.6563927687445215 1.7016959845073423 0.0 0.0 0.0
30 2.3685972746468744 -0.9578585699008836 1.5619385311088139 0.0 0.0 0.0
31 2.846946519264335 -1.4584002303737305 0.8403846202296695 0.0 0.0 0.0
32 3.2799285280579262 -2.3559464925675 0.7570942409349372 0.0 0.0 0.0
33 3.461745894535071 -3.293612113913975 0.46090911674358426 0.0 0.0 0.0
34 4.1261527241418 -3.6092943370838304 -0.21651859065143264 0.0 0.0 0.0
35 4.718575745926945 -4.408921223858362 -0.3146603514173134 0.0 0.0 0.0
36 5.566155113675679 -4.746370043201372 0.09489734865761079 0.0 0.0 0.0
37 6.476775785976636 -5.137592266587442 0.22799566986042952 0.0 0.0 0.0
38 6.608710083883799 -6.070273729642529 -0.1077104955717369 0.0 0.0 0.0
39 6.599228533995273 -7.037857109799027 -0.3600842316391844 0.0 0.0 0.0
40 7.135082335391215 -7.770903601682172 -0.7790156631018166 0.0 0.0 0.0
41 7.483688518865378 -8.690075305936865 -0.5957205269385637 0.0 0.0 0.0
42 8.135931068717088 -9.327708703907737 -0.18583846346778898 0.0 0.0 0.0
43 8.7131801121118 -10.084737058102846 -0.4919293206401839 0.0 0.0 0.0
44 9.321633656575194 -10.862848948339327 -0.33596082862161947 0.0 0.0 0.0
45 9.178913016670416 -9.990816640046745 -0.8041386497954639 0.0 0.0 0.0
46 8.486781495239498 -9.864600677121727 -1.5147886957003616 0.0 0.0 0.0
47 8.825597802430325 -10.799701506471953 -1.410914016735311 0.0 0.0 0.0
48 9.165737012712984 -9.861643055154202 -1.3449469072061337 0.0 0.0 0.0
49 9.941091691790078 -10.449468687610633 -1.114108982548041 0.0 0.0 0.0
50 9.3068134696594 -9.894590838418287 -1.6524413235850817 0.0 0.0 0.0
51 9.148555767170626 -8.907297295410165 -1.6380900331396955 0.0 0.0 0.0
52 8.776039500041115 -7.9986285039738805 -1.4495359077708247 0.0 0.0 0.0
53 8.41273023978249 -7.078406980906874 -1.5951337439311624 0.0 0.0 0.0
54 7.987887951646182 -7.8737509806248775 -1.162771682316505 0.0 0.0 0.0
55 7.326099845839778 -8.388651847441006 -0.617873893400849 0.0 0.0 0.0
56 6.758689358684321 -7.634711359973336 -0.28678617024727115 0.0 0.0 0.0
57 6.311737692140459 -8.464473725669809 0.04747214939108979 0.0 0.0 0.0
58 6.677876932534744 -8.675301778433672 0.9538349844694534 0.0 0.0 0.0
59 6.298439227677935 -7.7581769532759495 0.8317322276929724 0.0 0.0 0.0
60 7.131127345129471 -7.982955051816664 0.3256637486593188 0.0 0.0 0.0
61 7.013127552386325 -8.867648894132339 0.776654717838642 0.0 0.0 0.0
62 6.727332243987003 -7.913856397499362 0.8693958363545098 0.0 0.0 0.0
63 6.086335179254308 -7.155928427270786 0.9905071692233214 0.0 0.0 0.0
64 5.796988267426979 -6.21585018742044 1.17087143280086 0.0 0.0 0.0
65 6.133412248595139 -5.315043587760007 0.8963420629637108 0.0 0.0 0.0
66 5.157927504413291 -5.23664128020781 0.6907147495081345 0.0 0.0 0.0
67 5.165661149775404 -6.236590733821407 0.6971397745890925 0.0 0.0 0.0
68 4.828686071920253 -5.3048182278877345 0.8322241707664659 0.0 0.0 0.0
69 4.110230246849745 -4.719704967469322 1.2083407748997965 0.0 0.0 0.0
70 5.0200669156109425 -4.881276594659761 1.5905604047784263 0.0 0.0 0.0
71 4.3068320310852615 -5.564271237925194 1.43303479807792 0.0 0.0 0.0
72 4.886770832620323 -6.366656410776497 1.5739213512420216 0.0 0.0 0.0
73 5.172115763640396 -7.257601326115856 1.9271853151161993 0.0 0.0 0.0
74 5.908634084415626 -7.473816217911427 2.56811579787409 0.0 0.0 0.0
75 6.653832519114477 -6.865137722808459 2.8404938118942478 0.0 0.0 0.0
76 6.6724909777317585 -7.84622224664507 3.033172349905942 0.0 0.0 0.0
77 7.226213543111164 -8.66694237474899 3.17391961245388 0.0 0.0 0.0
78 7.1258113185916985 -7.8144706175872605 2.6608783893994965 0.0 0.0 0.0
79 7.0005591173731645 -8.556474265577322 2.002287110639023 0.0 0.0 0.0
80 7.556233762498986 -9.231365354540152 2.487825684598765 0.0 0.0 0.0
81 8.002869399104553 -9.628288907835678 3.2896787265916196 0.0 0.0 0.0
82 7.770982342880105 -10.408509131583287 2.7087443106626 0.0 0.0 0.0
83 7.847362431972969 -11.34307455272352 3.0562404338052147 0.0 0.0 0.0
84 8.398562979667675 -11.544540993224839 3.8659250820311675 0.0 0.0 0.0
85 8.27024565393129 -12.215202310372803 4.596505715224532 0.0 0.0 0.0
86 8.368730626919682 -12.940194999373984 3.9148266771205904 0.0 0.0 0.0
87 8.491886936229138 -13.9188042452962 3.750034482909733 0.0 0.0 0.0
88 8.250163886596335 -13.946814024510333 4.719975419021097 0.0 0.0 0.0
89 8.470795210229891 -14.054250966387565 3.750553363076541 0.0 0.0 0.0
90 8.498943635181824 -15.047077780331772 3.6343527448074244 0.0 0.0 0.0
91 8.691810259776394 -15.837063946307143 3.05235246758667 0.0 0.0 0.0
92 8.92666259513708 -16.44079210927243 3.814163917893238 0.0 0.0 0.0
93 8.560576599999218 -15.543444971841478 3.5676904728562464 0.0 0.0 0.0
94 8.625920678024887 -14.546329529450237 3.529077702793772 0.0 0.0 0.0
95 9.585098657665766 -14.270481027027618 3.59140913213112 0.0 0.0 0.0
96 8.667523728687952 -14.667111051799155 3.6186281174370416 0.0 0.0 0.0
97 8.246777870539514 -13.818471203157982 3.298029723571406 0.0 0.0 0.0
98 9.150961182125354 -14.16757743049038 3.544154450259734 0.0 0.0 0.0
99 8.954224718704527 -13.210961019225957 3.329259579077929 0.0 0.0 0.0
100 9.51685512648883 -13.37203592821494 4.140124486402607 0.0 0.0 0.0
101 9.085539345566914 -12.469901723199216 4.151105072378268 0.0 0.0 0.0
102 8.525728662028731 -12.963389249621779 4.816749166366826 0.0 0.0 0.0
103 7.983336112849994 -12.123351641783309 4.828879294660167 0.0 0.0 0.0
104 8.235197258862186 -13.079598180096674 4.977736679741101 0.0 0.0 0.0
105 9.093614797235842 -12.825800015434531 4.531972368219155 0.0 0.0 0.0
106 8.694072344415192 -11.909089869618567 4.529084990146168 0.0 0.0 0.0
107 8.069324989172785 -11.13186745219535 4.60402533957443 0.0 0.0 0.0
108 7.4267902555635334 -11.54769808070175 5.247635473507744 0.0 0.0 0.0
109 8.138160694698497 -12.09390678466468 4.805359371915014 0.0 0.0 0.0
110 8.241854467999515 -13.0835992750062 4.904133740757347 0.0 0.0 0.0
111 9.21932255098023 -12.899902722229948 5.008113177436546 0.0 0.0 0.0
112 9.19660913148936 -12.805444331616883 4.012843508945732 0.0 0.0 0.0
113 8.203779706952622 -12.912198208952173 3.9590537009155393 0.0 0.0 0.0
114 9.104414907940022 -13.341482196860335 4.02666651381405 0.0 0.0 0.0
115 9.351499447822013 -14.308737526514326 3.968646194896817 0.0 0.0 0.0
116 9.212688504364987 -15.239400794867999 4.307168576599758 0.0 0.0 0.0
117 8.78767586807021 -14.348623063356648 4.46803899660686 0.0 0.0 0.0
118 8.50637205779641 -13.392990621863524 4.555416356897377 0.0 0.0 0.0
119 7.7011402967582345 -13.779722416231134 5.004905322546767 0.0 0.0 0.0
120 6.966560183794661 -13.856592583352004 5.679058891880363 0.0 0.0 0.0
121 6.246744168880521 -13.857054952881416 6.373223635214062 0.0 0.0 0.0
122 5.631600143463176 -13.323428645293038 6.95360350378545 0.0 0.0 0.0
123 4.984247344871485 -12.666995357597756 7.340940169957231 0.0 0.0 0.0
124 4.061898046189146 -12.977687220501553 7.570597169732025 0.0 0.0 0.0
125 4.494040184462152 -12.124148428828368 7.27952208760043 0.0 0.0 0.0
126 3.543587568295932 -12.097819230033263 7.589274565739978 0.0 0.0 0.0
127 4.238151830458897 -12.787155894958353 7.795176115311546 0.0 0.0 0.0
128 4.590821285756502 -13.718241110223104 7.888474439066522 0.0 0.0 0.0
129 5.272590112023062 -14.443122508244963 7.9871568910678645 0.0 0.0 0.0
130 4.507494800230605 -13.805338391718374 7.898496953217661 0.0 0.0 0.0
131 5.303264552299871 -14.40982739755381 7.8618425740017335 0.0 0.0 0.0
132 4.362789493621057 -14.570518953575403 8.161316926537024 0.0 0.0 0.0
133 4.683916198149638 -13.77549599964039 7.646714028804162 0.0 0.0 0.0
134 5.424486727689715 -14.43064551668799 7.7961610130127035 0.0 0.0 0.0
135 5.9291335903991715 -15.292014769277785 7.854251930120355 0.0 0.0 0.0
136 6.742717040600865 -15.872952687503412 7.829898188609403 0.0 0.0 0.0
137 6.059531489244592 -15.195773987810766 8.103186518218628 0.0 0.0 0.0
138 6.67872977875239 -15.976347741931937 8.017757643429123 0.0 0.0 0.0
139 6.166072194916916 -15.875675937905532 8.870428382700757 0.0 0.0 0.0
140 6.732990867220059 -16.69803302917663 8.822137250697208 0.0 0.0 0.0
141 7.192640255283922 -16.853306716085363 7.947716000837465 0.0 0.0 0.0
142 7.0924833176003945 -15.880160559001192 8.154972230626027 0.0 0.0 0.0
143 6.320849042449356 -16.39001212019184 8.535277280505174 0.0 0.0 0.0
144 6.600633745238285 -17.160174294829318 9.108488188324445 0.0 0.0 0.0
145 7.11213232864502 -17.974551128288002 8.834335726546865 0.0 0.0 0.0
146 6.1509083018265995 -17.87505971186704 9.091531815796912 0.0 0.0 0.0
147 5.506010171110804 -17.111512699039388 9.05833000558651 0.0 0.0 0.0
148 4.8211435348103135 -16.4035025598662 8.886053096772763 0.0 0.0 0.0
149 4.308258860665563 -16.28619018628929 9.73645718779842 0.0 0.0 0.0
150 4.892538698662944 -17.078164815683735 9.913638612629834 0.0 0.0 0.0
151 4.3156060408215735 -16.278096053372074 10.078073049075424 0.0 0.0 0.0
152 5.099143042048397 -16.85057086786665 10.319614669666736 0.0 0.0 0.0
153 4.888290012036177 -15.925844091735502 10.636508010147036 0.0 0.0 0.0
154 5.556643172047024 -15.200067575568843 10.473558625108305 0.0 0.0 0.0
155 6.197106349960605 -15.96102813493193 10.369895975949332 0.0 0.0 0.0
156 6.580388558437486 -16.84418332165421 10.099467307294137 0.0 0.0 0.0
157 6.085665372065112 -16.447502360541183 9.326231777875057 0.0 0.0 0.0
158 6.593704614924551 -17.060126915432317 8.720767259955762 0.0 0.0 0.0
159 7.483346067827854 -17.27666161861947 8.31870904577311 0.0 0.0 0.0
160 7.014652545859073 -16.41694695381801 8.52172894033966 0.0 0.0 0.0
161 7.16362533610226 -16.010186712376967 7.6204225475131215 0.0 0.0 0.0
162 7.9502657517822035 -15.971527296281335 7.004222656271629 0.0 0.0 0.0
163 8.667618503317971 -15.861916921231817 6.316188794063115 0.0 0.0 0.0
164 9.372687116336593 -15.952657409060025 5.612879178883078 0.0 0.0 0.0
165 9.613980543928799 -15.702798056508238 4.675143722721154 0.0 0.0 0.0
166 10.364321243539221 -16.010997522760093 4.090334417468403 0.0 0.0 0.0
167 10.835222108385521 -15.509276710806219 3.3647115110360364 0.0 0.0 0.0
168 11.309855259467897 -15.995086642424978 2.6307414283799413 0.0 0.0 0.0
169 11.697025156853718 -16.902024301115556 2.4647186775079786 0.0 0.0 0.0
170 11.506811313673337 -16.06409930648989 2.9762852882676403 0.0 0.0 0.0
171 11.219777170930527 -15.386082866256292 3.652972149136729 0.0 0.0 0.0
172 11.250835211146773 -16.120678840161087 2.9751785572071547 0.0 0.0 0.0
173 11.295879964550593 -15.18597126816274 3.3277302910558766 0.0 0.0 0.0
174 10.427017485983136 -14.848973659656755 3.690374200695698 0.0 0.0 0.0
175 9.481615326198005 -14.85736442733419 4.016172222929394 0.0 0.0 0.0
176 10.017093067771 -14.500016398885156 4.781395049852025 0.0 0.0 0.0
177 10.482859806312227 -14.56693645110227 3.8990215167721094 0.0 0.0 0.0
178 10.985537264160607 -13.702838575630441 3.8735218113590775 0.0 0.0 0.0
179 10.375600851766178 -12.968319341430913 4.170942502344679 0.0 0.0 0.0
180 10.614171669102644 -12.057983823162411 4.509133586340433 0.0 0.0 0.0
181 11.345457632105257 -11.44582014589652 4.809926658986134 0.0 0.0 0.0
182 12.247071095074588 -11.078613157166847 4.581339277837205 0.0 0.0 0.0
183 12.30758866507234 -10.097436069640278 4.397956763309682 0.0 0.0 0.0
184 12.541193147823162 -9.303369551726838 4.9591049707981725 0.0 0.0 0.0
185 13.382102189257177 -8.78294507949125 5.1075312243142985 0.0 0.0 0.0
186 14.16500375423251 -8.16719039415388 5.196476752837336 0.0 0.0 0.0
187 14.077779181264367 -7.203958218948072 5.450594147989277 0.0 0.0 0.0
188 14.532343022700397 -6.347619935187449 5.6956583392225655 0.0 0.0 0.0
189 14.650526201215147 -5.711079337777299 6.457792713309498 0.0 0.0 0.0
190 14.79221594689552 -6.640759155939523 6.797821317504615 0.0 0.0 0.0
191 15.522207690108175 -5.967195205630889 6.681960799268386 0.0 0.0 0.0
192 15.85466907764764 -5.037207558429871 6.83878044679013 0.0 0.0 0.0
193 16.04543226939417 -4.0870483568788485 7.085370990774685 0.0 0.0 0.0
194 16.410397703545954 -3.3985253797782637 7.7120577880498065 0.0 0.0 0.0
195 16.73037351040363 -2.515433354649927 7.368890251443411 0.0 0.0 0.0
196 17.452146802653242 -1.828832100706675 7.456194504940608 0.0 0.0 0.0
197 18.153163530538013 -1.1747878229042974 7.171938229900496 0.0 0.0 0.0
198 18.802182374396008 -0.4143726307165928 7.148629952243008 0.0 0.0 0.0
199 19.654057969767344 0.06685326667193786 7.35534135902389 0.0 0.0 0.0
200 19.44550667131281 0.9195695883830777 6.8764037528575495 0.0 0.0 0.0
201 18.95230248834155 1.7889372406070225 6.907218021732128 0.0 0.0 0.0
202 19.169368155998825 2.757996402635107 6.7897155263802365 0.0 0.0 0.0
203 19.22149660091564 3.5978849933667667 7.329965265287479 0.0 0.0 0.0
204 20.16554391565233 3.9193670502298827 7.256317762590563 0.0 0.0 0.0
205 19.551100921419025 4.583606296594933 6.830587765496165 0.0 0.0 0.0
206 20.178700121217904 5.358373300920123 6.907107915919237 0.0 0.0 0.0
207 20.11092994942253 4.536246702231958 6.341851284340041 0.0 0.0 0.0
208 19.87750168117927 5.502748947962731 6.2351523968935405 0.0 0.0 0.0
209 19.456613945604552 5.50267300592918 5.328039665048377 0.0 0.0 0.0
210 19.09711376396705 5.292646708312033 4.418837501769032 0.0 0.0 0.0
211 19.097299560311228 4.635351471037785 3.6652043439685604 0.0 0.0 0.0
212 19.218474151039956 5.426656684284417 4.264497909802895 0.0 0.0 0.0
213 19.123394585418634 4.636561131582903 4.870062847528437 0.0 0.0 0.0
214 19.264980215109933 5.511628410792182 5.332891937282085 0.0 0.0 0.0
215 19.150190828797687 6.44202120941603 5.681019266084263 0.0 0.0 0.0
216 18.997162089329215 5.632621229676358 5.114050238981273 0.0 0.0 0.0
217 18.723125711914722 4.79959651095352 4.6334528171714195 0.0 0.0 0.0
218 18.782741182031884 3.968404740868791 5.186233277269385 0.0 0.0 0.0
219 19.19809706369616 4.164726344165387 6.074454713424778 0.0 0.0 0.0
220 18.764091679014566 3.9099861401878866 5.210309613025031 0.0 0.0 0.0
221 18.60949060409902 2.9280243114469564 5.101454321326736 0.0 0.0 0.0
222 19.224546436572506 3.6693131122013876 4.832758886277337 0.0 0.0 0.0
223 19.72174652802565 3.9286375818494133 5.660734060120586 0.0 0.0 0.0
224 19.959711068406317 4.535113878363166 6.419390358643431 0.0 0.0 0.0
225 19.322126569818664 5.175780449068343 5.991567553802923 0.0 0.0 0.0
226 19.592832978158775 5.521561793426591 6.889984663155478 0.0 0.0 0.0
227 19.30487037093356 5.035907079898032 6.064625931410577 0.0 0.0 0.0
228 18.48596346620202 5.589142743755091 6.217340638035832 0.0 0.0 0.0
229 